gatewayID,X,Y,Z
1,0,0,1,
2,-0,4399.41,1,
3,-3810,2199.7,1,
4,-3810,-2199.7,1,
EndDeviceID,X,Y,Z,SF
5,884.932,883.142,1,9,
6,-1917.69,649.495,1,12,
7,-2297.6,-901.235,1,12,
8,270.021,-1474.88,1,10,
9,-357.169,-180.467,1,7,
10,-1648.63,517.135,1,11,
11,346.119,-186.922,1,7,
12,1571.03,-1784.79,1,12,
13,899.377,-1874.99,1,12,
14,1633.15,602.138,1,11,
15,1219.2,-1419.46,1,12,
16,37.6233,2466.59,1,12,
17,1608.54,-1110.44,1,12,
18,-1250.12,-589.163,1,9,
19,-1293.93,-289.083,1,9,
20,-1233.76,382.477,1,9,
21,2446.26,642.777,1,12,
22,1761.92,1452.38,1,12,
23,8.18528,-898.518,1,7,
24,-1982.69,-792.001,1,12,
25,784.215,826.61,1,8,
26,826.039,263.177,1,7,
27,831.881,1190.02,1,10,
28,1055.61,-479.073,1,8,
29,1309.99,-280.746,1,9,
30,1921.92,1526.34,1,12,
31,77.8125,-1496.21,1,10,
32,-1349.79,1208.96,1,12,
33,-392.522,1883.13,1,12,
34,-1530.79,-1771.31,1,12,
35,-832.269,-131.052,1,7,
36,1751.17,297.737,1,11,
37,-1462.23,406.504,1,10,
38,1377.04,-1187.45,1,12,
39,-501.561,766.012,1,7,
40,1390.28,-991.908,1,11,
41,-773.534,263.027,1,7,
42,-2247.62,-341.694,1,12,
43,15.1761,2312.13,1,12,
44,-570.912,450.314,1,7,
45,40.1342,-1579.77,1,10,
46,607.586,-2347.33,1,12,
47,507.778,-248.408,1,7,
48,-977.91,-651.869,1,8,
49,-314.42,1767.42,1,11,
50,948.567,1731.88,1,12,
51,334.367,-700.67,1,7,
52,-147.275,-2445.76,1,12,
53,-935.952,1003.52,1,9,
54,-1388.94,351.002,1,10,
55,1101.39,777.403,1,9,
56,92.3028,-260.421,1,7,
57,-1081.45,1006.57,1,10,
58,-1409.21,-1116.26,1,11,
59,-1486.93,194.588,1,10,
60,1430.39,-388.463,1,10,
61,-633.42,586.826,1,7,
62,669.902,2238.6,1,12,
63,1815.79,-1187.94,1,12,
64,1598.43,-1550.63,1,12,
65,2219.69,-673.284,1,12,
66,-2216.55,736.619,1,12,
67,-483.797,223.373,1,7,
68,915.898,1847.1,1,12,
69,1186.28,1661.52,1,12,
70,-333.407,1341.81,1,9,
71,-2464.27,342.021,1,12,
72,-989.291,952.146,1,9,
73,1229.86,820.418,1,10,
74,1493.71,-750.534,1,11,
75,-703.69,-302.745,1,7,
76,1702.32,1849.29,1,12,
77,334.442,-2453.93,1,12,
78,278.691,-1095.69,1,8,
79,451.918,-639.198,1,7,
80,163.16,-1951.95,1,12,
81,-519.69,-1683.1,1,11,
82,-2321.54,-312.948,1,12,
83,2301.52,-396.882,1,12,
84,1162.43,266.526,1,8,
85,258.429,1076.66,1,8,
86,-264.031,919.789,1,7,
87,-2183.59,-869.948,1,12,
88,2075.59,921.295,1,12,
89,340.801,1611.16,1,11,
90,-1676.98,141.723,1,11,
91,1040.62,-612.18,1,8,
92,-1339.48,753.391,1,10,
93,-1635.9,1426.5,1,12,
94,867.712,-493.33,1,7,
95,341.027,-1049.54,1,8,
96,-2267.53,-484.721,1,12,
97,825.904,1975.32,1,12,
98,1084.02,-1133.71,1,10,
99,-836.59,1470.23,1,11,
100,-1261.2,79.4627,1,9,
101,-770.626,1459.46,1,11,
102,-1606.47,765.102,1,11,
103,-752.275,-1618.02,1,11,
104,2043.66,949.294,1,12,
105,-292.577,-1723.73,1,11,
106,-1029.4,495.494,1,8,
107,133.129,2082.63,1,12,
108,793.12,-1612.55,1,11,
109,-320.212,2212.07,1,12,
110,-2421.46,-48.2402,1,12,
111,1012.04,-1573.6,1,12,
112,-1203.99,-1325.82,1,11,
113,-860.348,1390.01,1,11,
114,-324.392,-1221.5,1,9,
115,-326.084,-230.732,1,7,
116,814.619,1598.23,1,11,
117,743.956,396.007,1,7,
118,1218.7,936.406,1,10,
119,1909.1,1132.29,1,12,
120,150.047,1929.98,1,12,
121,-2339.31,-73.3357,1,12,
122,846.266,581.725,1,7,
123,-558.647,-2182.81,1,12,
124,1471.86,-656.238,1,11,
125,-362.108,-1853.38,1,12,
126,-1434.01,-369.264,1,10,
127,-86.7191,1140.43,1,8,
128,-389.253,-2118.03,1,12,
129,-1255.04,1985.32,1,12,
130,-1828.64,-58.2929,1,12,
131,-1047.43,1771.91,1,12,
132,-1641.72,35.0037,1,11,
133,-1041.43,2180.85,1,12,
134,-1850.98,-1498.17,1,12,
135,-1676.45,-1582.79,1,12,
136,1144.09,1101.91,1,10,
137,-2128.91,-255.546,1,12,
138,-1314.74,731.146,1,10,
139,-685.805,1042.88,1,9,
140,-595.654,-1215.53,1,9,
141,570.701,368.585,1,7,
142,-1267.18,635.282,1,10,
143,-560.259,-1824.65,1,12,
144,2530.82,-53.2623,1,12,
145,-504.912,694.117,1,7,
146,1768.69,1577.55,1,12,
147,-508.774,594.724,1,7,
148,-58.0558,271.987,1,7,
149,720.406,295.831,1,7,
150,723.176,2052.59,1,12,
151,-206.484,-1573.26,1,10,
152,1694.59,212.004,1,11,
153,1456.75,-1449.19,1,12,
154,369.832,1270.26,1,9,
155,-864.577,-1029.84,1,9,
156,403.459,-1598.86,1,11,
157,24.7185,664.98,1,7,
158,1449.39,-1406.71,1,12,
159,222.75,-343.262,1,7,
160,121.832,1249.74,1,9,
161,-1989.15,1430.06,1,12,
162,-1409.63,-1165.58,1,12,
163,112.379,-260.841,1,7,
164,-609.323,-1689.88,1,11,
165,-1278,514.175,1,9,
166,1706.48,-44.9531,1,11,
167,2199.02,-482.55,1,12,
168,-1390.57,-1711.08,1,12,
169,-712.077,-1894.06,1,12,
170,2061.29,1084.88,1,12,
171,877.027,619.605,1,7,
172,1641.41,1271.76,1,12,
173,510.439,1912.94,1,12,
174,-695.808,-1944.83,1,12,
175,826.327,-1676.75,1,12,
176,1018.15,-1871.64,1,12,
177,674.49,-10.9993,1,7,
178,1064.5,321.444,1,8,
179,-879.997,-1504.58,1,11,
180,1045.8,-720.658,1,9,
181,-1417.69,-99.2328,1,10,
182,2315.21,-727.054,1,12,
183,-374.763,1728.67,1,11,
184,1050.45,11.2066,1,7,
185,-907.096,-1967.36,1,12,
186,581.239,677.787,1,7,
187,974.107,-541.001,1,8,
188,1636.36,628.286,1,11,
189,800.597,-1528.46,1,11,
190,25.0286,-825.941,1,7,
191,619.647,-1921.52,1,12,
192,729.419,-1592.1,1,11,
193,1307.63,1643.89,1,12,
194,2348.03,419.226,1,12,
195,891.771,-1962.49,1,12,
196,527.077,-1896.56,1,12,
197,-264.904,431.441,1,7,
198,967.226,-1801.74,1,12,
199,577.837,712.982,1,7,
200,1581.26,-928.59,1,12,
201,-2453.86,-239.589,1,12,
202,1988.45,-1201.79,1,12,
203,663.445,1262.99,1,10,
204,2144.02,-83.7075,1,12,
205,1081.67,-1548.31,1,12,
206,824.496,-1685.55,1,12,
207,1012.98,313.896,1,7,
208,2076.13,-1072.77,1,12,
209,1315.11,-626.492,1,10,
210,-11.6911,853.04,1,7,
211,-368.125,357.187,1,7,
212,-14.4821,1879.08,1,12,
213,1547.96,-1970.38,1,12,
214,947.051,601.908,1,8,
215,-125.987,1973.79,1,12,
216,365.34,-1448.88,1,10,
217,1726.74,0.335856,1,11,
218,245.106,833.136,1,7,
219,-2162.99,-318.602,1,12,
220,925.541,962.399,1,9,
221,550.294,-1338.46,1,10,
222,-2518.92,-119.883,1,12,
223,1519.98,1702.73,1,12,
224,-1336.58,285.972,1,9,
225,1434.58,-2047.77,1,12,
226,-1404.04,360.76,1,10,
227,-369.407,1547.84,1,10,
228,237.597,-2344.05,1,12,
229,-339.277,784.226,1,7,
230,183.922,2002.73,1,12,
231,1518.94,214.517,1,10,
232,1138.92,-1384.8,1,11,
233,704.657,1884.59,1,12,
234,-2064.27,-415.854,1,12,
235,-535.565,-335.479,1,7,
236,1078.82,29.7935,1,7,
237,1017.16,-1886.61,1,12,
238,-970.733,2154.84,1,12,
239,-2101.71,-956.991,1,12,
240,-463.09,-2120.06,1,12,
241,1874.83,-774.512,1,12,
242,-976.845,911.741,1,9,
243,-2104.41,-1015.04,1,12,
244,2404.31,-390.773,1,12,
245,291.979,-2428.09,1,12,
246,-511.128,-1149.47,1,9,
247,2152.8,741.746,1,12,
248,228.781,268.422,1,7,
249,775.414,-917.284,1,8,
250,-128.029,-2532.65,1,12,
251,-555.699,-99.023,1,7,
252,-1151.95,217.293,1,8,
253,-1847.45,780.364,1,12,
254,1077.74,1855.4,1,12,
255,-196.876,-1266.58,1,9,
256,547.572,405.762,1,7,
257,-1524.6,-1905.83,1,12,
258,-76.2628,1687.72,1,11,
259,-1167.81,-411.345,1,9,
260,1321.84,747.704,1,10,
261,-278.992,539.548,1,7,
262,1152.46,1078.54,1,10,
263,859.396,129.23,1,7,
264,1254.72,481.853,1,9,
265,-1159.09,-310.264,1,8,
266,2289.26,-709.738,1,12,
267,757.181,-2248.32,1,12,
268,2422.5,-736.488,1,12,
269,-680.5,845.963,1,8,
270,-1710.44,-1831.54,1,12,
271,-138.459,-1947.7,1,12,
272,69.4394,-147.532,1,7,
273,39.7462,-294.306,1,7,
274,942.545,792.43,1,8,
275,-339.981,-2349.61,1,12,
276,943.03,1824.04,1,12,
277,2108.09,-844.683,1,12,
278,-802.617,-1899.06,1,12,
279,340.662,-406.734,1,7,
280,-230.483,-436.133,1,7,
281,-776.453,141.758,1,7,
282,-1083.43,-1649.22,1,12,
283,-650.809,-114.283,1,7,
284,1528.96,-838.375,1,11,
285,1528.88,-811.574,1,11,
286,-2172.28,-263.803,1,12,
287,428.895,705.179,1,7,
288,582.051,1998.91,1,12,
289,1749.08,-1536.28,1,12,
290,1593.44,-316.988,1,11,
291,-913.078,-1305.87,1,11,
292,469.694,-2115.98,1,12,
293,866.504,-2305.12,1,12,
294,321.426,667.106,1,7,
295,615.613,533.207,1,7,
296,-1521.74,1551.57,1,12,
297,211.856,1343.72,1,9,
298,765.635,1689.85,1,12,
299,-120.233,-1747.07,1,11,
300,-805.68,-1465,1,11,
301,907.698,-170.085,1,7,
302,-1873.18,-289.613,1,12,
303,388.684,-403.182,1,7,
304,-2438.75,-207.684,1,12,
305,216.838,2279.58,1,12,
306,1014.79,-587.163,1,8,
307,-1950.52,315.727,1,12,
308,-161.807,512.795,1,7,
309,602.557,1225.07,1,9,
310,2081.79,-1250.92,1,12,
311,-923.278,-600.854,1,8,
312,1610.41,1635.35,1,12,
313,290.935,-1904.43,1,12,
314,872.475,-1527.38,1,11,
315,757.417,-2020.34,1,12,
316,-2095.38,-1211.51,1,12,
317,2053.4,1295.69,1,12,
318,1754.14,806.42,1,12,
319,-497.743,-2127.3,1,12,
320,-166.266,964.277,1,7,
321,-577.574,1280.94,1,10,
322,-1285.93,-87.8187,1,9,
323,-1886.41,1549.29,1,12,
324,372.11,-2148.41,1,12,
325,1431.69,-1006.24,1,11,
326,2127.53,474.898,1,12,
327,693.148,-1119.11,1,9,
328,-1717.93,445.695,1,11,
329,1009.46,494.87,1,8,
330,-973.748,1843.04,1,12,
331,1256.66,-146.596,1,9,
332,1937.74,222.993,1,12,
333,1219.51,824.486,1,10,
334,1542.51,1.06168,1,10,
335,1216.55,-1621.58,1,12,
336,2104.6,-107.556,1,12,
337,1711.05,1064.08,1,12,
338,2303.32,159.067,1,12,
339,2198.64,168.802,1,12,
340,-5.09705,-758.71,1,7,
341,-1738.95,-168.002,1,11,
342,476.758,-1146.47,1,9,
343,-1144.07,-1689.7,1,12,
344,1534.47,1145.26,1,12,
345,1117.76,2078.06,1,12,
346,-556.116,-1906.4,1,12,
347,-282.573,-1930.13,1,12,
348,-104.351,-1476.62,1,10,
349,-1298.45,-1632.3,1,12,
350,918.767,-531.038,1,7,
351,1135.43,-1970.44,1,12,
352,-1006.17,-2130.95,1,12,
353,-162.695,2131.91,1,12,
354,-2286.49,-744.086,1,12,
355,-7.03808,419.502,1,7,
356,1514.2,-89.8303,1,10,
357,248.045,159.49,1,7,
358,-952.195,285.367,1,7,
359,-872.03,1232.94,1,10,
360,811.012,-1934.14,1,12,
361,322.121,98.0792,1,7,
362,-1760.76,10.2655,1,11,
363,-482.29,914.412,1,7,
364,-1883.75,-851.149,1,12,
365,10.8241,2466.71,1,12,
366,760.024,-1232,1,10,
367,953.837,2131.54,1,12,
368,61.0889,168.21,1,7,
369,-731.934,-251.969,1,7,
370,150.681,267.375,1,7,
371,-92.1809,1452.92,1,10,
372,537.682,-1676.34,1,11,
373,947.711,2227.95,1,12,
374,1085.78,1846.61,1,12,
375,-1738.29,1577.29,1,12,
376,-352.912,-232.921,1,7,
377,604.498,1124.97,1,9,
378,858.717,-2266.89,1,12,
379,399.597,-1108.64,1,8,
380,-1154.3,-417.503,1,8,
381,1078.97,663.043,1,9,
382,732.092,1653.08,1,11,
383,-664.685,1655.62,1,11,
384,433.989,2194.77,1,12,
385,635.219,-1183.68,1,9,
386,-67.2734,-585.982,1,7,
387,1318.17,56.0052,1,9,
388,-1140.51,-270.956,1,8,
389,-1245.45,-1785.29,1,12,
390,62.6275,-1522.17,1,10,
391,2520.01,136.106,1,12,
392,1068.91,1504.59,1,12,
393,-1113.94,2174.37,1,12,
394,846.429,-2217.35,1,12,
395,1028.42,-955.085,1,10,
396,-830.017,-2317.03,1,12,
397,1700.2,1052.27,1,12,
398,797.887,-2384.4,1,12,
399,-1455.51,-1954.1,1,12,
400,-166.072,-937,1,7,
401,-204.714,-1503.95,1,10,
402,-16.9828,-1119.69,1,8,
403,-202.276,274.531,1,7,
404,-1899.89,-1613.57,1,12,
senderId,receiverID, sendTime, receivedTime,SF,SNR,RSSI,Ftype, Freq,n_frame,received, code
273,1,5164001694,5235938685,7,27.629,-89.4019,2,8.685e+08,0,1,0,
59,1,14951425528,15404038530,10,6.55995,-110.471,2,8.685e+08,0,1,0,
59,3,14951425528,15404043764,10,-14.5724,-131.603,2,8.685e+08,0,1,0,
59,4,14951425528,15404044656,10,-16.3329,-133.364,2,8.685e+08,0,1,0,
121,1,4589558159,6399997966,12,-8.04049,-125.071,4,8.685e+08,0,1,0,
121,2,4589558159,6400006996,12,-21.6882,-138.719,4,8.685e+08,0,1,0,
121,3,4589558159,6399999190,12,-1.1953,-118.226,4,8.685e+08,0,1,0,
121,4,4589558159,6399998783,12,-10.4392,-127.47,4,8.685e+08,0,1,0,
222,3,132035290530,133845731385,12,-5.17977,-122.211,4,8.685e+08,0,1,0,
222,4,132035290530,133845730696,12,-2.2667,-119.298,4,8.685e+08,0,1,0,
27,1,135745708708,136198321551,10,-2.74404,-119.775,4,8.685e+08,0,1,0,
27,2,135745708708,136198327767,10,-14.4868,-131.518,4,8.685e+08,0,1,0,
27,3,135745708708,136198332554,10,-12.8141,-129.845,4,8.685e+08,0,1,0,
249,1,15282252305,15415888311,8,3.58873,-113.442,4,8.685e+08,0,1,0,
303,1,16401930286,16473868154,7,20.5379,-96.493,2,8.685e+08,0,1,0,
99,1,132025227552,133012369195,11,5.94447,-111.086,2,8.685e+08,0,1,0,
99,2,132025227552,133012373713,11,-2.98073,-120.012,2,8.685e+08,0,1,0,
99,3,132025227552,133012373764,11,-12.993,-130.024,2,8.685e+08,0,1,0,
99,4,132025227552,133012379307,11,-14.1302,-131.161,2,8.685e+08,0,1,0,
223,2,136456345688,138266788014,12,-9.31088,-126.342,2,8.685e+08,0,1,0,
167,1,140901956220,142712395730,12,-0.904088,-117.935,2,8.685e+08,0,1,0,
96,4,137289517297,139099956991,12,1.42378,-115.607,4,8.685e+08,0,1,0,
355,1,36407459605,36479397005,7,32.3538,-84.6771,4,8.685e+08,0,1,0,
286,3,137377946967,139188388835,12,-4.61148,-121.642,4,8.685e+08,0,1,0,
268,1,136577558240,138387998686,12,-3.35359,-120.384,2,8.685e+08,0,1,0,
52,2,28559321011,30369775849,12,-21.4986,-138.53,4,8.685e+08,0,1,0,
52,4,28559321011,30369765256,12,-18.7758,-135.807,4,8.685e+08,0,1,0,
90,1,28145334268,29132475882,11,-0.365792,-117.397,2,8.685e+08,0,1,0,
90,2,28145334268,29132485532,11,-12.6317,-129.663,2,8.685e+08,0,1,0,
90,3,28145334268,29132480155,11,-16.1594,-133.19,2,8.685e+08,0,1,0,
90,4,28145334268,29132480833,11,-6.09923,-123.13,2,8.685e+08,0,1,0,
360,2,138521922578,140332375877,12,-22.0155,-139.046,2,8.685e+08,0,1,0,
141,1,139650265520,139722203786,7,19.2551,-97.7758,2,8.685e+08,0,1,0,
201,3,140123732599,141934173909,12,-3.48454,-120.515,2,8.685e+08,0,1,0,
201,4,140123732599,141934172550,12,-3.92205,-120.953,2,8.685e+08,0,1,0,
122,1,140307584876,140379524301,7,10.015,-107.016,2,8.685e+08,0,1,0,
38,1,37724687906,39535125971,12,-4.78442,-121.815,4,8.685e+08,0,1,0,
38,3,37724687906,39535140570,12,-20.5399,-137.571,4,8.685e+08,0,1,0,
274,1,144581139067,144714775174,8,-1.68745,-118.718,2,8.685e+08,0,1,0,
14,1,40910166155,41897307961,11,-5.04386,-122.075,4,8.685e+08,0,1,0,
152,1,31230959486,32218101183,11,2.55007,-114.481,2,8.685e+08,0,1,0,
318,2,141162505011,142972950348,12,-16.6607,-133.692,2,8.685e+08,0,1,0,
54,1,143183019949,143635632728,10,-7.00074,-124.032,2,8.685e+08,0,1,0,
54,3,143183019949,143635638110,10,-12.8719,-129.903,2,8.685e+08,0,1,0,
54,4,143183019949,143635639680,10,-15.776,-132.807,2,8.685e+08,0,1,0,
325,1,52252000931,53239142768,11,3.32281,-113.708,4,8.685e+08,0,1,0,
255,1,143422483558,143669271834,9,2.47808,-114.553,2,8.685e+08,0,1,0,
255,4,143422483558,143669280006,9,-6.50632,-123.537,2,8.685e+08,0,1,0,
20,1,145365118123,145611906432,9,0.176853,-116.854,2,8.685e+08,0,1,0,
20,3,145365118123,145611912639,9,-8.3787,-125.41,2,8.685e+08,0,1,0,
385,1,142988967146,143235755627,9,8.17891,-108.852,4,8.685e+08,0,1,0,
200,1,146494175119,148304613236,12,-3.83483,-120.866,4,8.685e+08,0,1,0,
149,1,149852192926,149924131524,7,8.7667,-108.264,4,8.685e+08,0,1,0,
369,1,144707361483,144779300065,7,17.1416,-99.8893,4,8.685e+08,0,1,0,
197,1,146720028528,146791966217,7,26.3589,-90.672,2,8.685e+08,0,1,0,
23,1,147095169340,147167108337,7,14.2725,-102.758,2,8.685e+08,0,1,0,
341,1,146346119437,147333261265,11,-4.55394,-121.585,4,8.685e+08,0,1,0,
341,3,146346119437,147333265930,11,-12.4433,-129.474,4,8.685e+08,0,1,0,
341,4,146346119437,147333265114,11,-8.34214,-125.373,4,8.685e+08,0,1,0,
402,1,172845546657,172979182392,8,-8.22714,-125.258,4,8.685e+08,0,1,0,
363,1,147293668323,147365607771,7,15.8051,-101.226,4,8.685e+08,0,1,0,
345,2,149888137127,151698577721,12,-7.28543,-124.316,4,8.685e+08,0,1,0,
236,1,150677889553,150749829153,7,7.84057,-109.19,4,8.685e+08,0,1,0,
17,1,150653461333,152463899853,12,2.72244,-114.308,4,8.685e+08,0,1,0,
43,1,32880000695,34690440408,12,-8.7082,-125.739,4,8.685e+08,0,1,0,
43,2,32880000695,34690439658,12,-15.4672,-132.498,4,8.685e+08,0,1,0,
43,4,32880000695,34690452426,12,-22.4257,-139.457,4,8.685e+08,0,1,0,
393,1,42390387025,44200827174,12,-12.7719,-129.803,4,8.685e+08,0,1,0,
393,2,42390387025,44200827325,12,-6.57399,-123.605,4,8.685e+08,0,1,0,
393,3,42390387025,44200828019,12,-4.84299,-121.874,4,8.685e+08,0,1,0,
393,4,42390387025,44200836164,12,-15.8259,-132.857,4,8.685e+08,0,1,0,
87,1,40532990301,42343430141,12,-6.43662,-123.468,4,8.685e+08,0,1,0,
87,3,40532990301,42343433889,12,-22.4024,-139.433,4,8.685e+08,0,1,0,
87,4,40532990301,42343429309,12,-0.117211,-117.148,4,8.685e+08,0,1,0,
329,1,31974890058,32108525808,8,2.65128,-114.38,2,8.685e+08,0,1,0,
45,4,152396202501,152848823509,10,-12.3599,-129.391,2,8.685e+08,0,1,0,
342,1,151422710534,151669498676,9,6.02352,-111.007,4,8.685e+08,0,1,0,
299,4,151093382441,152080530841,11,-18.3372,-135.368,4,8.685e+08,0,1,0,
161,3,150367328961,152177767555,12,-3.52545,-120.556,4,8.685e+08,0,1,0,
161,4,150367328961,152177774507,12,-12.987,-130.018,4,8.685e+08,0,1,0,
72,1,54241684797,54488473377,9,9.07932,-107.952,4,8.685e+08,0,1,0,
72,2,54241684797,54488480760,9,-13.4238,-130.455,4,8.685e+08,0,1,0,
348,1,152347619563,152800232501,10,-0.862988,-117.894,2,8.685e+08,0,1,0,
348,3,152347619563,152800244975,10,-15.249,-132.28,2,8.685e+08,0,1,0,
137,1,53763136273,55573575425,12,-6.10183,-123.133,2,8.685e+08,0,1,0,
137,3,53763136273,55573578199,12,-11.1994,-128.23,2,8.685e+08,0,1,0,
137,4,53763136273,55573576846,12,-11.5453,-128.576,2,8.685e+08,0,1,0,
330,1,157896473846,159706912799,12,-3.06044,-120.091,2,8.685e+08,0,1,0,
330,2,157896473846,159706914971,12,-10.5518,-127.583,2,8.685e+08,0,1,0,
330,3,157896473846,159706915381,12,-8.4972,-125.528,2,8.685e+08,0,1,0,
386,1,153858085191,153930023158,7,18.85,-98.1809,4,8.685e+08,0,1,0,
134,4,158044351664,159854790605,12,-12.7139,-129.745,2,8.685e+08,0,1,0,
279,1,69239840946,69311778716,7,29.1268,-87.9041,2,8.685e+08,0,1,0,
212,2,74881338229,76691778636,12,-11.2182,-128.249,4,8.685e+08,0,1,0,
388,1,160742365726,160876001636,8,16.3869,-100.644,2,8.685e+08,0,1,0,
388,3,160742365726,160876009859,8,-9.96917,-127,2,8.685e+08,0,1,0,
39,1,158366950848,158438889902,7,6.19889,-110.832,4,8.685e+08,0,1,0,
316,1,166205651837,168016091911,12,-3.02679,-120.058,4,8.685e+08,0,1,0,
316,4,166205651837,168016090438,12,3.01168,-114.019,4,8.685e+08,0,1,0,
71,2,36304562937,38115010772,12,-17.2162,-134.247,4,8.685e+08,0,1,0,
71,3,36304562937,38115002589,12,-17.0345,-134.065,4,8.685e+08,0,1,0,
71,4,36304562937,38115004530,12,-9.57711,-126.608,4,8.685e+08,0,1,0,
331,1,168603420246,168850208466,9,-8.17182,-125.203,4,8.685e+08,0,1,0,
84,1,70326316196,70459952174,8,8.83994,-108.191,2,8.685e+08,0,1,0,
133,3,166073181551,167883622786,12,-11.9665,-128.997,2,8.685e+08,0,1,0,
367,2,167094445591,168904885798,12,-4.4383,-121.469,4,8.685e+08,0,1,0,
389,3,167429620983,169240068790,12,-12.7895,-129.82,2,8.685e+08,0,1,0,
270,1,170271873525,172082313884,12,-9.70788,-126.739,2,8.685e+08,0,1,0,
270,2,170271873525,172082327078,12,-21.416,-138.447,2,8.685e+08,0,1,0,
270,4,170271873525,172082312635,12,1.1358,-115.895,2,8.685e+08,0,1,0,
179,1,62510553627,63497695441,11,0.414229,-116.617,4,8.685e+08,0,1,0,
179,3,62510553627,63497705381,11,-16.9654,-133.996,4,8.685e+08,0,1,0,
179,4,62510553627,63497699672,11,-14.1456,-131.176,4,8.685e+08,0,1,0,
401,1,170945513453,171398126516,10,0.469905,-116.561,4,8.685e+08,0,1,0,
250,4,174604595741,176415040073,12,-11.7899,-128.821,4,8.685e+08,0,1,0,
332,2,195507787453,197318234810,12,-21.6381,-138.669,4,8.685e+08,0,1,0,
254,1,173145053111,174955492268,12,-1.80909,-118.84,2,8.685e+08,0,1,0,
254,2,173145053111,174955494327,12,-15.4473,-132.478,2,8.685e+08,0,1,0,
254,3,173145053111,174955501455,12,-22.0967,-139.128,2,8.685e+08,0,1,0,
226,1,40564648331,41017261166,10,10.0155,-107.015,4,8.685e+08,0,1,0,
226,3,40564648331,41017266432,10,-9.84496,-126.876,4,8.685e+08,0,1,0,
224,1,76719001354,76965789913,9,-1.34591,-118.377,4,8.685e+08,0,1,0,
224,3,76719001354,76965795786,9,-11.9371,-128.968,4,8.685e+08,0,1,0,
224,4,76719001354,76965797051,9,-10.4348,-127.466,4,8.685e+08,0,1,0,
269,1,183351963055,183485598676,8,6.2292,-110.802,4,8.685e+08,0,1,0,
344,1,60314682560,62125120947,12,3.01297,-114.018,4,8.685e+08,0,1,0,
344,2,60314682560,62125126561,12,-14.3824,-131.413,4,8.685e+08,0,1,0,
260,1,182993587559,183446200625,10,-1.60309,-118.634,2,8.685e+08,0,1,0,
260,2,182993587559,183446208513,10,-15.6342,-132.665,2,8.685e+08,0,1,0,
107,2,66728421552,68538861293,12,-15.6506,-132.681,2,8.685e+08,0,1,0,
193,1,39405729965,41216168972,12,-8.54284,-125.574,2,8.685e+08,0,1,0,
193,2,39405729965,41216172139,12,-17.9434,-134.974,2,8.685e+08,0,1,0,
193,3,39405729965,41216179136,12,-20.0282,-137.059,2,8.685e+08,0,1,0,
304,1,94986418830,96796858994,12,-9.06691,-126.098,4,8.685e+08,0,1,0,
304,2,94986418830,96796868218,12,-18.9102,-135.941,4,8.685e+08,0,1,0,
304,3,94986418830,96796860072,12,-10.5064,-127.537,4,8.685e+08,0,1,0,
304,4,94986418830,96796858897,12,-9.56923,-126.6,4,8.685e+08,0,1,0,
312,1,128076447146,129886886802,12,-3.59889,-120.63,4,8.685e+08,0,1,0,
312,2,128076447146,129886889817,12,-13.975,-131.006,4,8.685e+08,0,1,0,
312,4,128076447146,129886901294,12,-22.2163,-139.247,4,8.685e+08,0,1,0,
77,1,62452458150,64262898411,12,-5.26976,-122.301,2,8.685e+08,0,1,0,
172,1,70716233884,72526672810,12,-4.04035,-121.071,4,8.685e+08,0,1,0,
172,2,70716233884,72526677666,12,-12.2901,-129.321,4,8.685e+08,0,1,0,
123,1,182479185359,184289624875,12,0.778533,-116.252,2,8.685e+08,0,1,0,
123,3,182479185359,184289635561,12,-17.6226,-134.654,2,8.685e+08,0,1,0,
123,4,182479185359,184289628204,12,-18.5529,-135.584,2,8.685e+08,0,1,0,
364,1,177077484027,178887922922,12,-7.2584,-124.289,4,8.685e+08,0,1,0,
364,3,177077484027,178887928062,12,-13.2882,-130.319,4,8.685e+08,0,1,0,
364,4,177077484027,178887923870,12,1.74317,-115.288,4,8.685e+08,0,1,0,
321,1,179303912580,179756525267,10,7.46117,-109.57,2,8.685e+08,0,1,0,
321,2,179303912580,179756531159,10,-12.3818,-129.413,2,8.685e+08,0,1,0,
321,3,179303912580,179756531789,10,-15.2081,-132.239,2,8.685e+08,0,1,0,
48,1,190035870412,190169506332,8,6.68151,-110.349,2,8.685e+08,0,1,0,
230,2,183111397644,184921837662,12,-9.01478,-126.046,2,8.685e+08,0,1,0,
198,1,44888319517,46698758338,12,-5.37743,-122.408,2,8.685e+08,0,1,0,
198,2,44888319517,46698772452,12,-18.6944,-135.725,2,8.685e+08,0,1,0,
198,4,44888319517,46698767507,12,-18.5491,-135.58,2,8.685e+08,0,1,0,
251,1,181533054858,181604992741,7,28.0973,-88.9336,2,8.685e+08,0,1,0,
335,1,50440732839,52251171601,12,-3.1144,-120.145,4,8.685e+08,0,1,0,
335,2,50440732839,52251185329,12,-21.876,-138.907,4,8.685e+08,0,1,0,
335,3,50440732839,52251185901,12,-19.9383,-136.969,4,8.685e+08,0,1,0,
335,4,50440732839,52251181716,12,-21.4349,-138.466,4,8.685e+08,0,1,0,
392,1,73133888024,74944326180,12,-4.75216,-121.783,2,8.685e+08,0,1,0,
392,2,73133888024,74944330317,12,-17.837,-134.868,2,8.685e+08,0,1,0,
166,1,58350245826,59337387520,11,-3.39781,-120.429,2,8.685e+08,0,1,0,
135,1,76190228883,78000668574,12,-0.177465,-117.208,4,8.685e+08,0,1,0,
135,3,76190228883,78000675369,12,-21.5372,-138.568,4,8.685e+08,0,1,0,
135,4,76190228883,78000668291,12,-7.66739,-124.698,4,8.685e+08,0,1,0,
95,1,188956173692,189089809373,8,12.9626,-104.068,2,8.685e+08,0,1,0,
70,1,43131060137,43377848749,9,4.77579,-112.255,2,8.685e+08,0,1,0,
70,2,43131060137,43377854397,9,-11.7528,-128.784,2,8.685e+08,0,1,0,
336,1,186314248059,188124687088,12,-7.16158,-124.192,2,8.685e+08,0,1,0,
336,2,186314248059,188124696651,12,-16.6859,-133.717,2,8.685e+08,0,1,0,
336,4,186314248059,188124700986,12,-21.0459,-138.077,2,8.685e+08,0,1,0,
139,1,183608311506,183855099669,9,7.28266,-109.748,4,8.685e+08,0,1,0,
139,2,183608311506,183855106933,9,-13.1571,-130.188,4,8.685e+08,0,1,0,
307,1,57851656674,59662095265,12,-0.670968,-117.702,2,8.685e+08,0,1,0,
307,2,57851656674,59662103770,12,-22.0534,-139.084,2,8.685e+08,0,1,0,
307,3,57851656674,59662097504,12,-5.59394,-122.625,2,8.685e+08,0,1,0,
307,4,57851656674,59662099108,12,-17.2861,-134.317,2,8.685e+08,0,1,0,
248,1,191721621928,191793559104,7,32.7975,-84.2334,2,8.685e+08,0,1,0,
188,1,184329941855,185317083702,11,-2.25698,-119.288,4,8.685e+08,0,1,0,
188,2,184329941855,185317091567,11,-13.3703,-130.401,4,8.685e+08,0,1,0,
98,1,75078941438,75531554670,10,0.272376,-116.759,2,8.685e+08,0,1,0,
98,3,75078941438,75531569190,10,-16.8341,-133.865,2,8.685e+08,0,1,0,
298,1,88584602341,90395040529,12,-1.20872,-118.24,4,8.685e+08,0,1,0,
298,2,88584602341,90395043733,12,-7.88359,-124.914,4,8.685e+08,0,1,0,
298,3,88584602341,90395049698,12,-21.8509,-138.882,4,8.685e+08,0,1,0,
358,1,189176884049,189248823365,7,3.38884,-113.642,4,8.685e+08,0,1,0,
353,1,191862800761,193673239893,12,-6.34664,-123.378,4,8.685e+08,0,1,0,
353,2,191862800761,193673240344,12,-0.909302,-117.94,4,8.685e+08,0,1,0,
353,3,191862800761,193673244929,12,-20.3069,-137.338,4,8.685e+08,0,1,0,
353,4,191862800761,193673251650,12,-22.01,-139.041,4,8.685e+08,0,1,0,
244,1,196044982396,197855422521,12,-2.86414,-119.895,4,8.685e+08,0,1,0,
240,4,194316148650,196126591817,12,-11.4927,-128.524,4,8.685e+08,0,1,0,
155,1,50756010096,51002798581,9,-7.93694,-124.968,2,8.685e+08,0,1,0,
155,3,50756010096,51002808676,9,-11.7449,-128.776,2,8.685e+08,0,1,0,
155,4,50756010096,51002804667,9,-7.86681,-124.898,2,8.685e+08,0,1,0,
285,1,195495481059,196482622833,11,6.99611,-110.035,2,8.685e+08,0,1,0,
362,1,198066634340,199053776213,11,-1.59389,-118.625,4,8.685e+08,0,1,0,
362,3,198066634340,199053780343,11,-7.73258,-124.763,4,8.685e+08,0,1,0,
362,4,198066634340,199053780393,11,-11.6779,-128.709,4,8.685e+08,0,1,0,
81,4,196282561502,197269708612,11,-10.1128,-127.144,4,8.685e+08,0,1,0,
338,1,47585391201,49395830902,12,-8.06065,-125.092,2,8.685e+08,0,1,0,
338,2,47585391201,49395839297,12,-19.7479,-136.779,2,8.685e+08,0,1,0,
338,4,47585391201,49395845058,12,-22.3023,-139.333,2,8.685e+08,0,1,0,
174,1,65204049256,67014488146,12,0.605711,-116.425,2,8.685e+08,0,1,0,
174,3,65204049256,67014498548,12,-20.2335,-137.264,2,8.685e+08,0,1,0,
174,4,65204049256,67014491679,12,-14.0812,-131.112,2,8.685e+08,0,1,0,
246,1,196383509377,196630297573,9,-3.93455,-120.965,2,8.685e+08,0,1,0,
234,3,69093460555,70903903044,12,-15.0977,-132.129,2,8.685e+08,0,1,0,
196,4,196500526115,198310972617,12,-19.6549,-136.686,2,8.685e+08,0,1,0,
404,1,203907246928,205717687243,12,-5.30339,-122.334,2,8.685e+08,0,1,0,
404,3,203907246928,205717693154,12,-21.4176,-138.449,2,8.685e+08,0,1,0,
404,4,203907246928,205717685593,12,-2.80526,-119.836,2,8.685e+08,0,1,0,
93,1,55387152555,57197591795,12,-6.55627,-123.587,4,8.685e+08,0,1,0,
93,2,55387152555,57197595874,12,-19.7554,-136.786,4,8.685e+08,0,1,0,
93,3,55387152555,57197592252,12,-2.80129,-119.832,4,8.685e+08,0,1,0,
93,4,55387152555,57197598658,12,-19.0419,-136.073,4,8.685e+08,0,1,0,
156,4,62982031428,63969181625,11,-14.6044,-131.635,4,8.685e+08,0,1,0,
114,1,79234727202,79481515418,9,8.28305,-108.748,4,8.685e+08,0,1,0,
49,2,198305696204,199292841046,11,-6.87374,-123.905,2,8.685e+08,0,1,0,
33,2,209037044672,210847485167,12,-12.4766,-129.508,2,8.685e+08,0,1,0,
265,1,213123602283,213257238285,8,6.09795,-110.933,4,8.685e+08,0,1,0,
265,3,213123602283,213257246460,8,-9.85408,-126.885,4,8.685e+08,0,1,0,
265,4,213123602283,213257245142,8,-5.53562,-122.567,4,8.685e+08,0,1,0,
175,1,67846397420,69656835655,12,-4.93385,-121.965,4,8.685e+08,0,1,0,
365,1,201531259482,203341699710,12,-6.85624,-123.887,4,8.685e+08,0,1,0,
365,2,201531259482,203341697929,12,1.35258,-115.678,4,8.685e+08,0,1,0,
365,3,201531259482,203341704258,12,-16.0781,-133.109,4,8.685e+08,0,1,0,
365,4,201531259482,203341711600,12,-20.7592,-137.79,4,8.685e+08,0,1,0,
51,1,209326869440,209398808030,7,13.5409,-103.49,2,8.685e+08,0,1,0,
142,1,200126831724,200579444452,10,-2.3504,-119.381,4,8.685e+08,0,1,0,
142,3,200126831724,200579449683,10,-15.146,-132.177,4,8.685e+08,0,1,0,
261,1,123305496380,123377434406,7,25.8609,-91.17,2,8.685e+08,0,1,0,
8,1,126502827479,126955440480,10,-1.05539,-118.086,2,8.685e+08,0,1,0,
8,4,126502827479,126955449302,10,-15.1153,-132.146,2,8.685e+08,0,1,0,
343,1,126145211048,127955649855,12,-5.10144,-122.132,2,8.685e+08,0,1,0,
343,3,126145211048,127955658777,12,-15.0722,-132.103,2,8.685e+08,0,1,0,
343,4,126145211048,127955652102,12,-9.2775,-126.308,2,8.685e+08,0,1,0,
195,1,130567068606,132377507796,12,-2.20502,-119.236,2,8.685e+08,0,1,0,
352,2,120997254496,122807708536,12,-21.5591,-138.59,4,8.685e+08,0,1,0,
352,4,120997254496,122807695851,12,-12.2755,-129.306,4,8.685e+08,0,1,0,
253,3,119851572581,121662012660,12,-12.862,-129.893,2,8.685e+08,0,1,0,
305,2,132287381225,134097820333,12,-12.9289,-129.96,2,8.685e+08,0,1,0,
294,1,123118745640,123190684110,7,15.5917,-101.439,4,8.685e+08,0,1,0,
399,4,118211519706,120021959602,12,-4.30022,-121.331,4,8.685e+08,0,1,0,
281,1,118513478034,118585416667,7,10.0394,-106.991,2,8.685e+08,0,1,0,
183,1,117129456774,118116598674,11,-13.3798,-130.411,2,8.685e+08,0,1,0,
183,3,117129456774,118116604340,11,-16.3427,-133.374,2,8.685e+08,0,1,0,
182,2,119418047368,121228498131,12,-16.3006,-133.331,2,8.685e+08,0,1,0,
194,1,112216373398,114026813354,12,-9.99747,-127.028,4,8.685e+08,0,1,0,
194,2,112216373398,114026820813,12,-15.4564,-132.487,4,8.685e+08,0,1,0,
314,1,111152117150,112139259017,11,-3.22931,-120.26,4,8.685e+08,0,1,0,
314,4,111152117150,112139268929,11,-17.0357,-134.067,4,8.685e+08,0,1,0,
127,1,110145455475,110279091290,8,4.62285,-112.408,4,8.685e+08,0,1,0,
127,2,110145455475,110279098350,8,-9.94809,-126.979,4,8.685e+08,0,1,0,
283,1,117472646524,117544584728,7,12.302,-104.729,2,8.685e+08,0,1,0,
211,1,113974777327,114046715038,7,23.0846,-93.9463,2,8.685e+08,0,1,0,
58,1,108859766350,109846908347,11,0.130007,-116.901,4,8.685e+08,0,1,0,
58,4,108859766350,109846911136,11,-11.2721,-128.303,4,8.685e+08,0,1,0,
320,1,117864158702,117936097966,7,0.534378,-116.497,2,8.685e+08,0,1,0,
25,1,106571440624,106705076425,8,-4.97043,-122.001,2,8.685e+08,0,1,0,
35,1,109822311886,109894250696,7,10.0236,-107.007,4,8.685e+08,0,1,0,
62,1,103534073964,105344513758,12,-10.0172,-127.048,4,8.685e+08,0,1,0,
62,2,103534073964,105344513510,12,-1.83026,-118.861,4,8.685e+08,0,1,0,
62,3,103534073964,105344520908,12,-21.6198,-138.651,4,8.685e+08,0,1,0,
375,3,100845520807,102655960023,12,-8.04525,-125.076,4,8.685e+08,0,1,0,
176,2,100778619638,102589072830,12,-21.893,-138.924,4,8.685e+08,0,1,0,
333,1,102308560787,102761173697,10,-3.62955,-120.66,4,8.685e+08,0,1,0,
21,1,107170805151,108981245588,12,-7.7687,-124.8,4,8.685e+08,0,1,0,
296,1,98732263710,100542702959,12,-5.99054,-123.021,2,8.685e+08,0,1,0,
296,2,98732263710,100542706480,12,-12.8,-129.831,2,8.685e+08,0,1,0,
296,3,98732263710,100542703643,12,-6.02039,-123.051,2,8.685e+08,0,1,0,
296,4,98732263710,100542710367,12,-15.3244,-132.355,2,8.685e+08,0,1,0,
185,4,100151993556,101962435270,12,-11.3071,-128.338,4,8.685e+08,0,1,0,
116,1,130904085838,131891227822,11,4.75651,-112.274,2,8.685e+08,0,1,0,
116,2,130904085838,131891231569,11,-8.72233,-125.753,2,8.685e+08,0,1,0,
100,1,127719407558,127966195773,9,13.8454,-103.186,2,8.685e+08,0,1,0,
15,1,79684044005,81494482247,12,-1.85791,-118.889,2,8.685e+08,0,1,0,
15,2,79684044005,81494495836,12,-19.7838,-136.815,2,8.685e+08,0,1,0,
118,1,79701606859,80154219986,10,5.89714,-111.134,2,8.685e+08,0,1,0,
118,2,79701606859,80154227105,10,-10.8063,-127.837,2,8.685e+08,0,1,0,
252,1,81185197590,81318833500,8,10.3053,-106.726,4,8.685e+08,0,1,0,
252,3,81185197590,81318840651,8,-11.491,-128.522,4,8.685e+08,0,1,0,
297,1,82458189472,82704978010,9,-1.73466,-118.766,4,8.685e+08,0,1,0,
297,2,82458189472,82704983689,9,-4.594,-121.625,4,8.685e+08,0,1,0,
297,3,82458189472,82704987188,9,-13.5476,-130.578,4,8.685e+08,0,1,0,
113,1,81012807901,81999949354,11,-10.8671,-127.898,4,8.685e+08,0,1,0,
113,3,81012807901,81999954104,11,-9.90273,-126.934,4,8.685e+08,0,1,0,
148,1,83814216180,83886153108,7,31.0409,-85.99,2,8.685e+08,0,1,0,
310,1,86211855340,88022295441,12,-4.75636,-121.787,4,8.685e+08,0,1,0,
267,4,82747132632,84557579867,12,-16.377,-133.408,4,8.685e+08,0,1,0,
235,1,89191136163,89263074271,7,19.7158,-97.3151,2,8.685e+08,0,1,0,
291,1,89351971900,90339113215,11,1.67494,-115.356,4,8.685e+08,0,1,0,
291,4,89351971900,90339118013,11,-12.0709,-129.102,4,8.685e+08,0,1,0,
181,1,94513897649,94966510389,10,1.62422,-115.407,2,8.685e+08,0,1,0,
181,3,94513897649,94966516716,10,-11.9187,-128.95,2,8.685e+08,0,1,0,
181,4,94513897649,94966516268,10,-10.7243,-127.755,2,8.685e+08,0,1,0,
403,1,91878030959,91949968096,7,28.4653,-88.5656,2,8.685e+08,0,1,0,
221,1,96796485459,97249098286,10,1.91456,-115.116,2,8.685e+08,0,1,0,
164,1,92178360264,93165502256,11,2.49977,-114.531,4,8.685e+08,0,1,0,
164,3,92178360264,93165513066,11,-15.0799,-132.111,4,8.685e+08,0,1,0,
12,1,91423327107,93233767038,12,-6.24995,-123.281,4,8.685e+08,0,1,0,
154,1,104526413898,104773202311,9,0.914056,-116.117,4,8.685e+08,0,1,0,
154,2,104526413898,104773208408,9,-13.7733,-130.804,4,8.685e+08,0,1,0,
5,1,93249952354,93496740524,9,13.2828,-103.748,2,8.685e+08,0,1,0,
334,1,102956103490,103408716635,10,2.62346,-114.407,2,8.685e+08,0,1,0,
334,2,102956103490,103408727037,10,-15.6844,-132.715,2,8.685e+08,0,1,0,
287,1,98096436980,98168375733,7,16.5291,-100.502,4,8.685e+08,0,1,0,
300,1,104618876018,105606017595,11,-3.58496,-120.616,4,8.685e+08,0,1,0,
300,3,104618876018,105606027825,11,-17.5303,-134.561,4,8.685e+08,0,1,0,
300,4,104618876018,105606022335,11,-12.3485,-129.379,4,8.685e+08,0,1,0,
28,1,95627199097,95760834964,8,1.9686,-115.062,4,8.685e+08,0,1,0,
178,1,2988474011,3122109720,8,8.21483,-108.816,2,8.685e+08,0,1,0,
30,1,2435540954,4245981141,12,-1.65773,-118.689,4,8.685e+08,0,1,0,
30,2,2435540954,4245984484,12,-12.6319,-129.663,4,8.685e+08,0,1,0,
361,1,4645828643,4717765766,7,25.4991,-91.5318,2,8.685e+08,0,1,0,
78,1,1251736633,1385372404,8,4.58196,-112.449,2,8.685e+08,0,1,0,
372,1,4669418673,5656560545,11,-4.10012,-121.131,4,8.685e+08,0,1,0,
319,1,5956363491,7766802779,12,-5.90647,-122.937,2,8.685e+08,0,1,0,
319,4,5956363491,7766806542,12,-9.92432,-126.955,2,8.685e+08,0,1,0,
213,1,12950197769,14760638127,12,-8.50636,-125.537,4,8.685e+08,0,1,0,
213,4,12950197769,14760647658,12,-17.4093,-134.44,4,8.685e+08,0,1,0,
56,1,11537193227,11609130149,7,18.8011,-98.2298,2,8.685e+08,0,1,0,
398,1,9891455159,11701895546,12,-5.48381,-122.515,2,8.685e+08,0,1,0,
229,1,15298999851,15370938701,7,9.4701,-107.561,4,8.685e+08,0,1,0,
347,3,9789850813,11600300930,12,-20.6097,-137.641,4,8.685e+08,0,1,0,
347,4,9789850813,11600294614,12,-13.8107,-130.842,4,8.685e+08,0,1,0,
79,1,16642414225,16714352836,7,7.42614,-109.605,2,8.685e+08,0,1,0,
368,1,18279983542,18351920139,7,46.6537,-70.3772,4,8.685e+08,0,1,0,
216,1,15481935483,15934548467,10,5.15226,-111.879,2,8.685e+08,0,1,0,
76,2,18552874014,20363316241,12,-13.1787,-130.21,4,8.685e+08,0,1,0,
280,1,19385699032,19457636677,7,26.7018,-90.3291,4,8.685e+08,0,1,0,
18,1,22158425862,22405214472,9,4.31421,-112.717,2,8.685e+08,0,1,0,
18,4,22158425862,22405219950,9,-9.81374,-126.845,2,8.685e+08,0,1,0,
308,1,20690664021,20762601815,7,-1.29484,-118.326,4,8.685e+08,0,1,0,
328,1,30386488400,31373630320,11,-1.99056,-119.021,2,8.685e+08,0,1,0,
328,2,30386488400,31373638779,11,-18.4361,-135.467,2,8.685e+08,0,1,0,
328,3,30386488400,31373633507,11,-18.8916,-135.922,2,8.685e+08,0,1,0,
328,4,30386488400,31373635650,11,-9.26065,-126.292,2,8.685e+08,0,1,0,
313,4,23464891967,25275337682,12,-19.3091,-136.34,4,8.685e+08,0,1,0,
379,1,29817693513,29951329444,8,9.53185,-107.499,2,8.685e+08,0,1,0,
377,1,26870808245,27117596505,9,12.1354,-104.896,4,8.685e+08,0,1,0,
215,1,22803900080,24614338677,12,-2.0431,-119.074,4,8.685e+08,0,1,0,
215,2,22803900080,24614340182,12,-8.54485,-125.576,4,8.685e+08,0,1,0,
215,3,22803900080,24614344392,12,-9.89072,-126.922,4,8.685e+08,0,1,0,
356,1,25264668720,25717281780,10,-0.306469,-117.337,2,8.685e+08,0,1,0,
356,2,25264668720,25717292523,10,-14.1672,-131.198,2,8.685e+08,0,1,0,
356,4,25264668720,25717295823,10,-13.3909,-130.422,2,8.685e+08,0,1,0,
206,1,27544152543,29354590802,12,-5.50491,-122.536,2,8.685e+08,0,1,0,
206,4,27544152543,29354600097,12,-18.9366,-135.968,2,8.685e+08,0,1,0,
19,1,24994361130,25241149552,9,-4.88867,-121.92,4,8.685e+08,0,1,0,
19,4,24994361130,25241155668,9,-9.19748,-126.228,4,8.685e+08,0,1,0,
276,1,25959244547,27769683396,12,-5.92909,-122.96,4,8.685e+08,0,1,0,
276,2,25959244547,27769685695,12,-9.64638,-126.677,4,8.685e+08,0,1,0,
276,3,25959244547,27769692451,12,-18.7229,-135.754,4,8.685e+08,0,1,0,
104,1,30877288418,32687727934,12,-3.86292,-120.894,4,8.685e+08,0,1,0,
104,2,30877288418,32687733794,12,-20.5085,-137.539,4,8.685e+08,0,1,0,
104,3,30877288418,32687740384,12,-22.1071,-139.138,4,8.685e+08,0,1,0,
190,1,204927624582,204999563338,7,13.542,-103.489,2,8.685e+08,0,1,0,
75,1,204212124840,204284063395,7,11.315,-105.716,4,8.685e+08,0,1,0,
262,1,203383769641,203836382906,10,2.76484,-114.266,4,8.685e+08,0,1,0,
262,2,203383769641,203836389366,10,-5.73346,-122.764,4,8.685e+08,0,1,0,
349,1,207736520583,209546959540,12,-5.53605,-122.567,4,8.685e+08,0,1,0,
349,3,207736520583,209546967866,12,-18.007,-135.038,4,8.685e+08,0,1,0,
349,4,207736520583,209546961172,12,-9.74118,-126.772,4,8.685e+08,0,1,0,
157,1,206877691967,206949630187,7,17.3856,-99.6453,4,8.685e+08,0,1,0,
68,1,212959655853,214770094730,12,-2.95001,-119.981,2,8.685e+08,0,1,0,
68,2,212959655853,214770096898,12,-9.41677,-126.448,2,8.685e+08,0,1,0,
68,3,212959655853,214770103661,12,-21.2896,-138.321,2,8.685e+08,0,1,0,
115,1,210920655968,210992593300,7,-1.34451,-118.375,2,8.685e+08,0,1,0,
80,1,209799137488,211609576022,12,0.637091,-116.394,2,8.685e+08,0,1,0,
396,4,217024228652,218834670600,12,-17.4595,-134.49,2,8.685e+08,0,1,0,
110,2,210654391389,212464840281,12,-17.5152,-134.546,2,8.685e+08,0,1,0,
110,3,210654391389,212464832202,12,-4.81859,-121.849,2,8.685e+08,0,1,0,
110,4,210654391389,212464831930,12,-6.89828,-123.929,2,8.685e+08,0,1,0,
132,1,212602857999,213589999476,11,-0.397023,-117.428,2,8.685e+08,0,1,0,
132,4,212602857999,213590004385,11,-7.62111,-124.652,2,8.685e+08,0,1,0,
40,1,222801309345,223788451042,11,1.93877,-115.092,4,8.685e+08,0,1,0,
120,2,214579844790,216390285042,12,-14.98,-132.011,2,8.685e+08,0,1,0,
120,3,214579844790,216390290030,12,-13.2012,-130.232,2,8.685e+08,0,1,0,
258,2,223134973061,224122118110,11,-10.3744,-127.405,2,8.685e+08,0,1,0,
258,3,223134973061,224122121632,11,-8.7497,-125.781,2,8.685e+08,0,1,0,
85,1,216216568037,216350203730,8,0.546135,-116.485,2,8.685e+08,0,1,0,
85,2,216216568037,216350211154,8,-7.36507,-124.396,2,8.685e+08,0,1,0,
219,1,215316034841,217126474134,12,-4.97873,-122.01,2,8.685e+08,0,1,0,
219,3,215316034841,217126476878,12,-13.6547,-130.686,2,8.685e+08,0,1,0,
219,4,215316034841,217126475181,12,-11.713,-128.744,2,8.685e+08,0,1,0,
163,1,216601478041,216673414988,7,32.9424,-84.0885,2,8.685e+08,0,1,0,
55,1,224794778227,225041566724,9,5.56244,-111.468,2,8.685e+08,0,1,0,
55,2,224794778227,225041574855,9,-9.99159,-127.022,2,8.685e+08,0,1,0,
366,1,218310411472,218763024301,10,0.525252,-116.506,4,8.685e+08,0,1,0,
326,1,218297108804,220107548075,12,-4.19319,-121.224,4,8.685e+08,0,1,0,
89,1,223938893839,224926035332,11,-3.37069,-120.402,4,8.685e+08,0,1,0,
302,1,225210406232,227020844555,12,-1.23888,-118.27,4,8.685e+08,0,1,0,
302,3,225210406232,227020848753,12,-12.4763,-129.507,4,8.685e+08,0,1,0,
302,4,225210406232,227020847306,12,-6.4826,-123.513,4,8.685e+08,0,1,0,
150,1,226409852946,228220292205,12,-0.9829,-118.014,2,8.685e+08,0,1,0,
150,2,226409852946,228220293137,12,-4.19252,-121.223,2,8.685e+08,0,1,0,
108,4,224191988518,225179139997,11,-18.2484,-135.279,4,8.685e+08,0,1,0,
382,1,225953397527,226940539558,11,-2.0798,-119.111,4,8.685e+08,0,1,0,
382,2,225953397527,226940543008,11,-8.29856,-125.329,4,8.685e+08,0,1,0,
91,1,225154912917,225288548944,8,12.4905,-104.54,2,8.685e+08,0,1,0,
340,1,238300970710,238372909241,7,16.263,-100.768,4,8.685e+08,0,1,0,
395,1,229805781180,230258393862,10,-2.01554,-119.046,2,8.685e+08,0,1,0,
112,1,251850580784,252837722758,11,4.74053,-112.29,2,8.685e+08,0,1,0,
112,3,251850580784,252837731408,11,-18.6844,-135.715,2,8.685e+08,0,1,0,
112,4,251850580784,252837725952,11,-15.8453,-132.876,2,8.685e+08,0,1,0,
143,1,230384511054,232194949421,12,-11.3425,-128.373,4,8.685e+08,0,1,0,
143,4,230384511054,232194953966,12,-14.4653,-131.496,4,8.685e+08,0,1,0,
205,1,248939565704,250750004004,12,-5.14733,-122.178,2,8.685e+08,0,1,0,
205,4,248939565704,250750014165,12,-19.9665,-136.997,2,8.685e+08,0,1,0,
257,1,239017425989,240827866130,12,-5.79953,-122.83,2,8.685e+08,0,1,0,
257,2,239017425989,240827879627,12,-17.7567,-134.788,2,8.685e+08,0,1,0,
257,3,239017425989,240827873662,12,-19.2811,-136.312,2,8.685e+08,0,1,0,
257,4,239017425989,240827865675,12,-12.8833,-129.914,2,8.685e+08,0,1,0,
323,1,234669898397,236480338540,12,-11.3988,-128.43,2,8.685e+08,0,1,0,
323,2,234669898397,236480341798,12,-17.1218,-134.153,2,8.685e+08,0,1,0,
323,3,234669898397,236480337170,12,-21.8885,-138.919,2,8.685e+08,0,1,0,
323,4,234669898397,236480344452,12,-17.9809,-135.012,2,8.685e+08,0,1,0,
284,1,239182818548,240169960364,11,-3.73111,-120.762,4,8.685e+08,0,1,0,
309,1,237424060987,237670849541,9,-2.56243,-119.593,2,8.685e+08,0,1,0,
309,2,237424060987,237670855765,9,-9.21057,-126.241,2,8.685e+08,0,1,0,
74,1,246105425085,247092566661,11,3.80053,-113.23,2,8.685e+08,0,1,0,
74,4,246105425085,247092579425,11,-18.5562,-135.587,2,8.685e+08,0,1,0,
381,1,254425151283,254671939507,9,3.93856,-113.092,2,8.685e+08,0,1,0,
288,1,258943149024,260753587969,12,-5.96825,-122.999,4,8.685e+08,0,1,0,
288,2,258943149024,260753589263,12,-3.9687,-121,4,8.685e+08,0,1,0,
288,3,258943149024,260753595690,12,-17.3921,-134.423,4,8.685e+08,0,1,0,
322,1,240035122691,240281910990,9,6.213,-110.818,4,8.685e+08,0,1,0,
322,3,240035122691,240281918054,9,-9.30636,-126.337,4,8.685e+08,0,1,0,
105,3,251022450051,252009603628,11,-17.7588,-134.79,4,8.685e+08,0,1,0,
105,4,251022450051,252009597891,11,-15.1462,-132.177,4,8.685e+08,0,1,0,
32,1,242562957288,244373395332,12,-2.1006,-119.131,2,8.685e+08,0,1,0,
32,2,242562957288,244373400843,12,-15.9404,-132.971,2,8.685e+08,0,1,0,
32,3,242562957288,244373398135,12,-5.66356,-122.694,2,8.685e+08,0,1,0,
32,4,242562957288,244373403310,12,-21.0698,-138.101,2,8.685e+08,0,1,0,
138,1,248949881313,249402494331,10,5.91702,-111.114,4,8.685e+08,0,1,0,
138,3,248949881313,249402498971,10,-16.9128,-133.944,4,8.685e+08,0,1,0,
138,4,248949881313,249402502152,10,-14.9387,-131.97,4,8.685e+08,0,1,0,
83,1,250590001578,252400441368,12,-4.21552,-121.246,2,8.685e+08,0,1,0,
83,3,250590001578,252400455727,12,-21.6764,-138.707,2,8.685e+08,0,1,0,
210,1,254658261242,254730200088,7,14.0432,-102.988,4,8.685e+08,0,1,0,
210,2,254658261242,254730209071,7,-8.30129,-125.332,4,8.685e+08,0,1,0,
311,1,253134997620,253268633294,8,-3.19517,-120.226,2,8.685e+08,0,1,0,
187,1,252405678299,252539314016,8,1.8209,-115.21,2,8.685e+08,0,1,0,
384,2,252561885969,254372325464,12,-12.9134,-129.944,4,8.685e+08,0,1,0,
7,3,253142968056,254953411564,12,-13.1396,-130.171,4,8.685e+08,0,1,0,
7,4,253142968056,254953406705,12,-5.0984,-122.129,4,8.685e+08,0,1,0,
371,1,254997334806,255449947662,10,-10.0476,-127.078,2,8.685e+08,0,1,0,
371,2,254997334806,255449952639,10,-4.81862,-121.85,2,8.685e+08,0,1,0,
67,1,259995890884,260067828661,7,16.4443,-100.587,2,8.685e+08,0,1,0,
126,3,273433653674,273886273346,10,-9.03869,-126.07,2,8.685e+08,0,1,0,
126,4,273433653674,273886271679,10,-12.4783,-129.509,2,8.685e+08,0,1,0,
145,1,265230684124,265302622987,7,6.62957,-110.401,4,8.685e+08,0,1,0,
44,1,255573808271,255645746696,7,13.8793,-103.152,2,8.685e+08,0,1,0,
218,1,263149094864,263221033761,7,16.1025,-100.928,2,8.685e+08,0,1,0,
162,1,267220342509,269030780610,12,-14.1926,-131.224,4,8.685e+08,0,1,0,
162,3,267220342509,269030788297,12,-18.4111,-135.442,4,8.685e+08,0,1,0,
162,4,267220342509,269030783227,12,-7.72926,-124.76,4,8.685e+08,0,1,0,
243,3,269723563227,271534007366,12,-12.9367,-129.968,4,8.685e+08,0,1,0,
243,4,269723563227,271534002154,12,1.60721,-115.424,4,8.685e+08,0,1,0,
354,1,261833044556,263643484577,12,-9.22358,-126.254,2,8.685e+08,0,1,0,
354,2,261833044556,263643495332,12,-19.686,-136.717,2,8.685e+08,0,1,0,
354,3,261833044556,263643487613,12,-4.77811,-121.809,2,8.685e+08,0,1,0,
354,4,261833044556,263643483585,12,-3.21577,-120.247,2,8.685e+08,0,1,0,
290,1,263845410692,264832552111,11,-0.150315,-117.181,4,8.685e+08,0,1,0,
290,2,263845410692,264832563298,11,-18.6838,-135.715,4,8.685e+08,0,1,0,
259,1,264319427372,264566215502,9,3.27504,-113.756,4,8.685e+08,0,1,0,
259,3,264319427372,264566223763,9,-14.3926,-131.424,4,8.685e+08,0,1,0,
202,1,269226868385,271037308135,12,-0.409424,-117.44,2,8.685e+08,0,1,0,
202,2,269226868385,271037320211,12,-20.1429,-137.174,2,8.685e+08,0,1,0,
199,1,269281915950,269353855011,7,-7.87916,-124.91,4,8.685e+08,0,1,0,
220,2,272514625472,272761421345,9,-11.4439,-128.475,2,8.685e+08,0,1,0,
42,4,276692897452,278503337550,12,-13.8997,-130.931,4,8.685e+08,0,1,0,
69,1,272621878634,274432317444,12,-0.44165,-117.473,2,8.685e+08,0,1,0,
69,2,272621878634,274432320587,12,-18.9658,-135.997,2,8.685e+08,0,1,0,
69,3,272621878634,274432327396,12,-14.6257,-131.657,2,8.685e+08,0,1,0,
370,1,272618768277,272690705301,7,36.2907,-80.7402,4,8.685e+08,0,1,0,
129,3,277704548622,279514989174,12,-6.39694,-123.428,2,8.685e+08,0,1,0,
169,1,280063948616,281874387366,12,-2.60426,-119.635,2,8.685e+08,0,1,0,
169,4,280063948616,281874391000,12,-11.5539,-128.585,2,8.685e+08,0,1,0,
66,2,277981585455,279792031736,12,-9.80597,-126.837,2,8.685e+08,0,1,0,
66,4,277981585455,279792028599,12,-13.4847,-130.516,2,8.685e+08,0,1,0,
168,3,274047665075,275858112415,12,-18.6128,-135.644,4,8.685e+08,0,1,0,
168,4,274047665075,275858105308,12,-9.52613,-126.557,4,8.685e+08,0,1,0,
397,1,277596395495,279406834165,12,0.816551,-116.214,2,8.685e+08,0,1,0,
147,1,278199045142,278270983753,7,11.3544,-105.677,4,8.685e+08,0,1,0,
102,1,282318749829,283305891764,11,-12.3241,-129.355,2,8.685e+08,0,1,0,
102,2,282318749829,283305899083,11,-15.971,-133.002,2,8.685e+08,0,1,0,
102,3,282318749829,283305894600,11,-12.558,-129.589,2,8.685e+08,0,1,0,
102,4,282318749829,283305898151,11,-17.1407,-134.172,2,8.685e+08,0,1,0,
374,2,282589195217,284399636470,12,-11.2795,-128.31,4,8.685e+08,0,1,0,
374,3,282589195217,284399643590,12,-16.8617,-133.893,4,8.685e+08,0,1,0,
376,1,286776765410,286848702820,7,25.9901,-91.0408,4,8.685e+08,0,1,0,
140,1,280406227839,280653016354,9,3.14617,-113.885,4,8.685e+08,0,1,0,
207,1,280213148343,280285087880,7,-3.76913,-120.8,2,8.685e+08,0,1,0,
245,4,282108476869,283918922573,12,-15.2435,-132.274,4,8.685e+08,0,1,0,
9,1,283485883634,283557820969,7,31.0873,-85.9436,4,8.685e+08,0,1,0,
36,1,287571303988,288558445913,11,-2.3684,-119.399,4,8.685e+08,0,1,0,
136,1,285011561746,285464175044,10,-5.55143,-122.582,2,8.685e+08,0,1,0,
136,3,285011561746,285464186672,10,-13.0825,-130.113,2,8.685e+08,0,1,0,
317,1,283380282294,285190722393,12,-3.39084,-120.422,2,8.685e+08,0,1,0,
238,1,286257372206,288067812089,12,-11.1613,-128.192,4,8.685e+08,0,1,0,
238,2,286257372206,288067812363,12,-2.69665,-119.728,4,8.685e+08,0,1,0,
238,3,286257372206,288067813678,12,-8.61057,-125.641,4,8.685e+08,0,1,0,
103,1,306381774686,307368916638,11,0.450071,-116.581,4,8.685e+08,0,1,0,
103,4,306381774686,307368921068,11,-13.2827,-130.314,4,8.685e+08,0,1,0,
34,4,287896932811,289707372547,12,-9.47426,-126.505,4,8.685e+08,0,1,0,
192,1,289930573810,290917715651,11,-14.0238,-131.055,2,8.685e+08,0,1,0,
192,4,289930573810,290917725087,11,-17.1438,-134.175,2,8.685e+08,0,1,0,
180,1,292559179173,292805967409,9,11.429,-105.602,2,8.685e+08,0,1,0,
57,1,292926437475,293379050403,10,0.528584,-116.502,2,8.685e+08,0,1,0,
57,2,292926437475,293379057353,10,-5.06433,-122.095,2,8.685e+08,0,1,0,
57,3,292926437475,293379055409,10,-16.5742,-133.605,2,8.685e+08,0,1,0,
57,4,292926437475,293379059518,10,-15.1521,-132.183,2,8.685e+08,0,1,0,
63,1,289356017119,291166456357,12,-2.30648,-119.337,4,8.685e+08,0,1,0,
209,1,289056836554,289509449413,10,2.70456,-114.326,2,8.685e+08,0,1,0,
346,1,297689287551,299499726175,12,-7.9422,-124.973,4,8.685e+08,0,1,0,
29,1,291067256243,291314044712,9,5.23528,-111.796,4,8.685e+08,0,1,0,
159,1,295474375733,295546313098,7,31.4328,-85.5981,4,8.685e+08,0,1,0,
189,1,294011239529,294998381284,11,2.82744,-114.203,2,8.685e+08,0,1,0,
189,4,294011239529,294998391070,11,-17.9364,-134.967,2,8.685e+08,0,1,0,
117,1,296973904402,297045843213,7,-3.27154,-120.302,2,8.685e+08,0,1,0,
170,2,296658212912,298468657932,12,-20.4929,-137.524,2,8.685e+08,0,1,0,
264,1,298317023816,298563812299,9,7.7299,-109.301,4,8.685e+08,0,1,0,
264,2,298317023816,298563821537,9,-12.855,-129.886,4,8.685e+08,0,1,0,
16,2,299196257338,301006695786,12,-1.10519,-118.136,4,8.685e+08,0,1,0,
16,3,299196257338,301006702203,12,-15.3016,-132.332,4,8.685e+08,0,1,0,
306,1,299044831293,299178467204,8,7.75355,-109.277,2,8.685e+08,0,1,0,
373,4,305288193929,307098647608,12,-22.4145,-139.445,4,8.685e+08,0,1,0,
82,1,301726045506,303536485320,12,-4.38988,-121.421,4,8.685e+08,0,1,0,
82,3,301726045506,303536487248,12,-14.5941,-131.625,4,8.685e+08,0,1,0,
82,4,301726045506,303536485522,12,-6.54296,-123.574,4,8.685e+08,0,1,0,
227,1,302853170138,303305783446,10,1.53554,-115.495,4,8.685e+08,0,1,0,
227,2,302853170138,303305787729,10,-8.30616,-125.337,4,8.685e+08,0,1,0,
94,1,300464073647,300536012976,7,11.833,-105.198,2,8.685e+08,0,1,0,
171,1,309938928165,310010867747,7,-1.26106,-118.292,4,8.685e+08,0,1,0,
10,1,305413654848,306400796611,11,-2.81035,-119.841,4,8.685e+08,0,1,0,
10,2,305413654848,306400804917,11,-18.2057,-135.237,4,8.685e+08,0,1,0,
10,3,305413654848,306400799985,11,-10.8153,-127.846,4,8.685e+08,0,1,0,
131,1,305774238473,307584677339,12,-8.73489,-125.766,4,8.685e+08,0,1,0,
131,2,305774238473,307584679908,12,-7.20637,-124.237,4,8.685e+08,0,1,0,
131,3,305774238473,307584679798,12,-6.53634,-123.567,4,8.685e+08,0,1,0,
186,1,310481978455,310553917433,7,8.82738,-108.204,2,8.685e+08,0,1,0,
282,1,315842894114,317653332696,12,-0.974939,-118.006,4,8.685e+08,0,1,0,
282,4,315842894114,317653335392,12,-14.5176,-131.549,4,8.685e+08,0,1,0,
119,1,308748895754,310559335158,12,-10.8655,-127.896,2,8.685e+08,0,1,0,
119,2,308748895754,310559340376,12,-16.2414,-133.272,2,8.685e+08,0,1,0,
380,1,313576019859,313709655953,8,-5.45923,-122.49,4,8.685e+08,0,1,0,
327,1,312781881685,313028670076,9,-5.15792,-122.189,2,8.685e+08,0,1,0,
31,1,317203007587,317655620585,10,-0.723001,-117.754,2,8.685e+08,0,1,0,
31,4,317203007587,317655628766,10,-14.4002,-131.431,2,8.685e+08,0,1,0,
359,1,311490162283,311942775320,10,7.24452,-109.786,4,8.685e+08,0,1,0,
359,2,311490162283,311942781238,10,-9.25065,-126.282,4,8.685e+08,0,1,0,
11,1,312091167987,312163105299,7,28.8804,-88.1505,2,8.685e+08,0,1,0,
233,1,319784708823,321595147534,12,-1.28784,-118.319,2,8.685e+08,0,1,0,
233,2,319784708823,321595149535,12,-1.03594,-118.067,2,8.685e+08,0,1,0,
214,1,320011906019,320145541762,8,8.77056,-108.26,4,8.685e+08,0,1,0,
239,4,322373946228,324184385274,12,-13.8884,-130.919,2,8.685e+08,0,1,0,
160,1,320625775850,320872564038,9,10.6583,-106.373,2,8.685e+08,0,1,0,
160,3,320625775850,320872573343,9,-13.6328,-130.664,2,8.685e+08,0,1,0,
266,1,318139554889,319949994884,12,-5.26917,-122.3,4,8.685e+08,0,1,0,
266,4,318139554889,319950007832,12,-17.8551,-134.886,4,8.685e+08,0,1,0,
47,1,320804765450,320876703336,7,26.5936,-90.4373,4,8.685e+08,0,1,0,
351,4,324646191775,326456640289,12,-20.5154,-137.546,2,8.685e+08,0,1,0,
383,1,322829979618,323817121569,11,-1.12978,-118.161,4,8.685e+08,0,1,0,
383,3,322829979618,323817126265,11,-18.4935,-135.524,4,8.685e+08,0,1,0,
128,1,323254991248,325065430431,12,2.47287,-114.558,2,8.685e+08,0,1,0,
88,2,321689832777,323500278288,12,-11.0964,-128.127,4,8.685e+08,0,1,0,
293,4,327661917786,329472365389,12,-18.1079,-135.139,4,8.685e+08,0,1,0,
111,2,327753431996,329563884204,12,-22.4218,-139.453,4,8.685e+08,0,1,0,
111,3,327753431996,329563884420,12,-18.5994,-135.63,4,8.685e+08,0,1,0,
130,1,329401117767,331211555870,12,-1.64709,-118.678,4,8.685e+08,0,1,0,
130,3,329401117767,331211559787,12,-9.50184,-126.533,4,8.685e+08,0,1,0,
130,4,329401117767,331211559499,12,-12.6565,-129.687,4,8.685e+08,0,1,0,
228,4,332732625038,334543070548,12,-12.104,-129.135,4,8.685e+08,0,1,0,
86,1,333222888529,333294827721,7,15.6245,-101.406,4,8.685e+08,0,1,0,
86,3,333222888529,333294837104,7,-9.37342,-126.404,4,8.685e+08,0,1,0,
37,1,330547174270,330999787332,10,-14.9744,-132.005,4,8.685e+08,0,1,0,
37,3,330547174270,330999792124,10,-8.12948,-125.16,4,8.685e+08,0,1,0,
191,2,334301110789,336111563974,12,-17.5463,-134.577,2,8.685e+08,0,1,0,
191,4,334301110789,336111557594,12,-19.0411,-136.072,2,8.685e+08,0,1,0,
109,2,330175108611,331985547985,12,-3.41798,-120.449,4,8.685e+08,0,1,0,
109,3,330175108611,331985552252,12,-8.90741,-125.938,4,8.685e+08,0,1,0,
64,1,332059616937,333870056365,12,-0.244968,-117.276,4,8.685e+08,0,1,0,
387,1,331292966043,331539754444,9,10.2492,-106.782,2,8.685e+08,0,1,0,
272,1,334754029212,334825965756,7,38.7285,-78.3024,2,8.685e+08,0,1,0,
61,1,334897768297,334969707177,7,20.0601,-96.9708,2,8.685e+08,0,1,0,
400,1,334144006926,334215946100,7,15.5105,-101.52,4,8.685e+08,0,1,0,
242,1,340830190725,341076979182,9,-3.4121,-120.443,2,8.685e+08,0,1,0,
242,2,340830190725,341076986806,9,-14.4472,-131.478,2,8.685e+08,0,1,0,
242,3,340830190725,341076985106,9,-5.99312,-123.024,2,8.685e+08,0,1,0,
203,1,338112895518,338565508277,10,-0.682754,-117.714,4,8.685e+08,0,1,0,
203,2,338112895518,338565514211,10,-8.31597,-125.347,4,8.685e+08,0,1,0,
92,1,350035181057,350487794183,10,0.049579,-116.981,2,8.685e+08,0,1,0,
92,3,350035181057,350487798606,10,-14.5387,-131.57,2,8.685e+08,0,1,0,
165,1,342754892207,343001680802,9,-1.11194,-118.143,4,8.685e+08,0,1,0,
165,3,342754892207,343001686353,9,-12.368,-129.399,4,8.685e+08,0,1,0,
165,4,342754892207,343001688588,9,-14.2731,-131.304,4,8.685e+08,0,1,0,
73,1,340555545165,341008158096,10,10.534,-106.497,4,8.685e+08,0,1,0,
73,2,340555545165,341008165788,10,-15.6986,-132.73,4,8.685e+08,0,1,0,
60,1,344843128987,345295741931,10,-13.3566,-130.388,2,8.685e+08,0,1,0,
125,1,348954341044,350764779343,12,-0.226226,-117.257,4,8.685e+08,0,1,0,
125,4,348954341044,350764784603,12,-11.1744,-128.205,4,8.685e+08,0,1,0,
237,1,346069545900,347879985049,12,-1.88456,-118.915,2,8.685e+08,0,1,0,
177,1,349616281679,349688219929,7,14.5308,-102.5,2,8.685e+08,0,1,0,
53,1,353944940935,354191729512,9,0.0248443,-117.006,2,8.685e+08,0,1,0,
53,2,353944940935,354191736685,9,-13.7502,-130.781,2,8.685e+08,0,1,0,
6,2,350280407643,352090853692,12,-12.3275,-129.358,2,8.685e+08,0,1,0,
6,3,350280407643,352090847803,12,-6.21456,-123.245,2,8.685e+08,0,1,0,
106,1,350487610395,350621246206,8,6.78041,-110.25,4,8.685e+08,0,1,0,
106,4,350487610395,350621255312,8,-11.0693,-128.1,4,8.685e+08,0,1,0,
295,1,353317311287,353389250004,7,12.4802,-104.551,2,8.685e+08,0,1,0,
101,1,358634541136,359621682641,11,-3.75939,-120.79,2,8.685e+08,0,1,0,
101,2,358634541136,359621687274,11,-12.3335,-129.364,2,8.685e+08,0,1,0,
101,3,358634541136,359621687571,11,-5.27059,-122.301,2,8.685e+08,0,1,0,
390,1,351323003628,351775616710,10,3.3637,-113.667,2,8.685e+08,0,1,0,
390,4,351323003628,351775624742,10,-12.9081,-129.939,2,8.685e+08,0,1,0,
339,1,350535553459,352345992814,12,-6.10292,-123.134,2,8.685e+08,0,1,0,
256,1,351595228326,351667166599,7,18.1879,-98.843,2,8.685e+08,0,1,0,
350,1,352953846551,353025786091,7,6.63719,-110.394,2,8.685e+08,0,1,0,
41,1,355108824070,355180762795,7,19.2425,-97.7884,2,8.685e+08,0,1,0,
247,1,359552976151,361363415746,12,-1.62952,-118.66,4,8.685e+08,0,1,0,
247,3,359552976151,361363428627,12,-22.4602,-139.491,4,8.685e+08,0,1,0,
231,1,356710347514,357162960631,10,4.0837,-112.947,2,8.685e+08,0,1,0,
217,1,355049489413,356036631173,11,-3.24437,-120.275,2,8.685e+08,0,1,0,
217,2,355049489413,356036641177,11,-18.5921,-135.623,2,8.685e+08,0,1,0,
217,3,355049489413,356036645285,11,-19.2122,-136.243,2,8.685e+08,0,1,0,
273,1,365164001694,365235938685,7,32.0851,-84.9458,2,8.681e+08,1,1,0,
26,1,358233729823,358305668715,7,9.76884,-107.262,2,8.685e+08,0,1,0,
271,1,356112256029,357922694542,12,-13.4432,-130.474,2,8.685e+08,0,1,0,
271,4,356112256029,357922700305,12,-14.7111,-131.742,2,8.685e+08,0,1,0,
361,1,364645828643,364717765766,7,33.1468,-83.8841,2,8.681e+08,1,1,0,
121,2,364589558159,366400006996,12,-16.3029,-133.334,4,8.681e+08,1,1,0,
121,3,364589558159,366399999190,12,-6.28237,-123.313,4,8.681e+08,1,1,0,
121,4,364589558159,366399998783,12,-7.11756,-124.148,4,8.681e+08,1,1,0,
78,1,361251736633,361385372404,8,7.08293,-109.948,2,8.681e+08,1,1,0,
30,1,362435540954,364245981141,12,-11.9151,-128.946,4,8.681e+08,1,1,0,
30,2,362435540954,364245984484,12,-20.5967,-137.628,4,8.681e+08,1,1,0,
178,1,362988474011,363122109720,8,-5.04351,-122.074,2,8.681e+08,1,1,0,
56,1,371537193227,371609130149,7,34.286,-82.7449,2,8.681e+08,1,1,0,
319,1,365956363491,367766802779,12,-7.31069,-124.342,2,8.681e+08,1,1,0,
398,4,369891455159,371701902542,12,-14.4945,-131.525,2,8.681e+08,1,1,0,
59,1,374951425528,375404038530,10,-7.60759,-124.638,2,8.681e+08,1,1,0,
59,2,374951425528,375404048405,10,-12.8353,-129.866,2,8.681e+08,1,1,0,
59,3,374951425528,375404043764,10,-11.5126,-128.544,2,8.681e+08,1,1,0,
59,4,374951425528,375404044656,10,-15.6004,-132.631,2,8.681e+08,1,1,0,
229,1,375298999851,375370938701,7,16.8646,-100.166,4,8.681e+08,1,1,0,
347,1,369789850813,371600289320,12,3.59855,-113.432,4,8.681e+08,1,1,0,
347,2,369789850813,371600303947,12,-21.7722,-138.803,4,8.681e+08,1,1,0,
249,1,375282252305,375415888311,8,3.41936,-113.612,4,8.681e+08,1,1,0,
357,1,378230552187,378302489171,7,34.125,-82.9059,4,8.681e+08,1,1,0,
213,1,372950197769,374760638127,12,-13.963,-130.994,4,8.681e+08,1,1,0,
79,1,376642414225,376714352836,7,14.2966,-102.734,2,8.681e+08,1,1,0,
76,2,378552874014,380363316241,12,-17.4224,-134.453,4,8.681e+08,1,1,0,
303,1,376401930286,376473868154,7,27.8839,-89.147,2,8.681e+08,1,1,0,
368,1,378279983542,378351920139,7,33.8301,-83.2008,4,8.681e+08,1,1,0,
216,1,375481935483,375934548467,10,6.31804,-110.713,2,8.681e+08,1,1,0,
216,2,375481935483,375934563029,10,-16.6862,-133.717,2,8.681e+08,1,1,0,
280,1,379385699032,379457636677,7,29.5529,-87.478,4,8.681e+08,1,1,0,
355,1,396407459605,396479397005,7,31.6137,-85.4172,4,8.681e+08,1,1,0,
308,1,380690664021,380762601815,7,14.3087,-102.722,4,8.681e+08,1,1,0,
18,1,382158425862,382405214472,9,1.06346,-115.967,2,8.681e+08,1,1,0,
18,4,382158425862,382405219950,9,-11.7807,-128.812,2,8.681e+08,1,1,0,
313,1,383464891967,385275330393,12,0.600201,-116.431,4,8.681e+08,1,1,0,
313,4,383464891967,385275337682,12,-21.4175,-138.448,4,8.681e+08,1,1,0,
52,1,388559321011,390369761184,12,0.295964,-116.735,4,8.681e+08,1,1,0,
52,4,388559321011,390369765256,12,-19.2427,-136.274,4,8.681e+08,1,1,0,
215,2,382803900080,384614340182,12,-3.11833,-120.149,4,8.681e+08,1,1,0,
215,3,382803900080,384614344392,12,-15.3124,-132.343,4,8.681e+08,1,1,0,
276,2,385959244547,387769685695,12,-20.4684,-137.499,4,8.681e+08,1,1,0,
276,3,385959244547,387769692451,12,-15.752,-132.783,4,8.681e+08,1,1,0,
19,1,384994361130,385241149552,9,0.39963,-116.631,4,8.681e+08,1,1,0,
19,3,384994361130,385241156935,9,-13.076,-130.107,4,8.681e+08,1,1,0,
19,4,384994361130,385241155668,9,-13.8081,-130.839,4,8.681e+08,1,1,0,
377,1,386870808245,387117596505,9,6.10529,-110.926,4,8.681e+08,1,1,0,
356,1,385264668720,385717281780,10,-1.01892,-118.05,2,8.681e+08,1,1,0,
71,3,396304562937,398115002589,12,-3.54598,-120.577,4,8.681e+08,1,1,0,
71,4,396304562937,398115004530,12,-7.922,-124.953,4,8.681e+08,1,1,0,
379,1,389817693513,389951329444,8,-4.73573,-121.767,2,8.681e+08,1,1,0,
90,1,388145334268,389132475882,11,2.68487,-114.346,2,8.681e+08,1,1,0,
90,3,388145334268,389132480155,11,-11.1188,-128.15,2,8.681e+08,1,1,0,
90,4,388145334268,389132480833,11,-15.7078,-132.739,2,8.681e+08,1,1,0,
104,1,390877288418,392687727934,12,-8.15724,-125.188,4,8.681e+08,1,1,0,
104,2,390877288418,392687733794,12,-15.8918,-132.923,4,8.681e+08,1,1,0,
104,3,390877288418,392687740384,12,-20.7725,-137.803,4,8.681e+08,1,1,0,
14,1,400910166155,401897307961,11,-6.486,-123.517,4,8.681e+08,1,1,0,
152,1,391230959486,392218101183,11,-8.21938,-125.25,2,8.681e+08,1,1,0,
328,1,390386488400,391373630320,11,-2.51297,-119.544,2,8.681e+08,1,1,0,
328,3,390386488400,391373633507,11,-10.8623,-127.893,2,8.681e+08,1,1,0,
328,4,390386488400,391373635650,11,-13.0283,-130.059,2,8.681e+08,1,1,0,
38,1,397724687906,399535125971,12,-0.107716,-117.139,4,8.681e+08,1,1,0,
38,2,397724687906,399535139099,12,-20.9571,-137.988,4,8.681e+08,1,1,0,
87,1,400532990301,402343430141,12,-2.92209,-119.953,4,8.681e+08,1,1,0,
87,2,400532990301,402343441327,12,-20.8432,-137.874,4,8.681e+08,1,1,0,
87,3,400532990301,402343433889,12,-14.1767,-131.208,4,8.681e+08,1,1,0,
87,4,400532990301,402343429309,12,-8.26913,-125.3,4,8.681e+08,1,1,0,
329,1,391974890058,392108525808,8,7.44388,-109.587,2,8.681e+08,1,1,0,
43,1,392880000695,394690440408,12,-2.33529,-119.366,4,8.681e+08,1,1,0,
43,2,392880000695,394690439658,12,-0.910631,-117.942,4,8.681e+08,1,1,0,
43,3,392880000695,394690445460,12,-9.6139,-126.645,4,8.681e+08,1,1,0,
335,1,410440732839,412251171601,12,-9.4626,-126.494,4,8.681e+08,1,1,0,
335,4,410440732839,412251181716,12,-18.6724,-135.703,4,8.681e+08,1,1,0,
338,1,407585391201,409395830902,12,-7.07924,-124.11,2,8.681e+08,1,1,0,
338,2,407585391201,409395839297,12,-18.9775,-136.008,2,8.681e+08,1,1,0,
226,1,400564648331,401017261166,10,3.53622,-113.495,4,8.681e+08,1,1,0,
226,3,400564648331,401017266432,10,-5.42698,-122.458,4,8.681e+08,1,1,0,
226,4,400564648331,401017268051,10,-15.5638,-132.595,4,8.681e+08,1,1,0,
70,1,403131060137,403377848749,9,3.76554,-113.265,2,8.681e+08,1,1,0,
70,2,403131060137,403377854397,9,-8.68709,-125.718,2,8.681e+08,1,1,0,
70,3,403131060137,403377856082,9,-13.0373,-130.068,2,8.681e+08,1,1,0,
393,1,402390387025,404200827174,12,-4.55216,-121.583,4,8.681e+08,1,1,0,
393,2,402390387025,404200827325,12,-8.72515,-125.756,4,8.681e+08,1,1,0,
393,3,402390387025,404200828019,12,-14.4977,-131.529,4,8.681e+08,1,1,0,
393,4,402390387025,404200836164,12,-17.1393,-134.17,4,8.681e+08,1,1,0,
198,1,404888319517,406698758338,12,-6.4096,-123.44,2,8.681e+08,1,1,0,
198,2,404888319517,406698772452,12,-22.25,-139.281,2,8.681e+08,1,1,0,
325,1,412252000931,413239142768,11,0.458753,-116.572,4,8.681e+08,1,1,0,
72,1,414241684797,414488473377,9,1.99917,-115.032,4,8.681e+08,1,1,0,
72,3,414241684797,414488479085,9,-10.2302,-127.261,4,8.681e+08,1,1,0,
155,1,410756010096,411002798581,9,-2.70853,-119.739,2,8.681e+08,1,1,0,
344,1,420314682560,422125120947,12,0.855842,-116.175,4,8.681e+08,1,1,0,
344,2,420314682560,422125126561,12,-19.6075,-136.638,4,8.681e+08,1,1,0,
137,1,413763136273,415573575425,12,1.19403,-115.837,2,8.681e+08,1,1,0,
137,3,413763136273,415573578199,12,-21.2148,-138.246,2,8.681e+08,1,1,0,
137,4,413763136273,415573576846,12,-9.62856,-126.659,2,8.681e+08,1,1,0,
166,1,418350245826,419337387520,11,2.46753,-114.563,2,8.681e+08,1,1,0,
93,1,415387152555,417197591795,12,-5.61371,-122.645,4,8.681e+08,1,1,0,
93,2,415387152555,417197595874,12,-12.7978,-129.829,4,8.681e+08,1,1,0,
93,3,415387152555,417197592252,12,-13.7968,-130.828,4,8.681e+08,1,1,0,
179,4,422510553627,423497699672,11,-9.33544,-126.366,4,8.681e+08,1,1,0,
307,1,417851656674,419662095265,12,-0.72781,-117.759,2,8.681e+08,1,1,0,
307,2,417851656674,419662103770,12,-21.0459,-138.077,2,8.681e+08,1,1,0,
307,3,417851656674,419662097504,12,-8.31701,-125.348,2,8.681e+08,1,1,0,
307,4,417851656674,419662099108,12,-8.2073,-125.238,2,8.681e+08,1,1,0,
77,1,422452458150,424262898411,12,-13.7256,-130.756,2,8.681e+08,1,1,0,
77,4,422452458150,424262904000,12,-10.3459,-127.377,2,8.681e+08,1,1,0,
324,4,420630364663,422440810614,12,-14.3715,-131.402,4,8.681e+08,1,1,0,
107,2,426728421552,428538861293,12,-15.9952,-133.026,2,8.681e+08,1,1,0,
124,1,422585699404,423572840779,11,3.6284,-113.403,4,8.681e+08,1,1,0,
124,3,422585699404,423572855433,11,-18.922,-135.953,4,8.681e+08,1,1,0,
84,1,430326316196,430459952174,8,4.07674,-112.954,2,8.681e+08,1,1,0,
212,1,434881338229,436691776497,12,-6.94308,-123.974,4,8.681e+08,1,1,0,
212,3,434881338229,436691782935,12,-10.8439,-127.875,4,8.681e+08,1,1,0,
174,1,425204049256,427014488146,12,-2.29968,-119.331,2,8.681e+08,1,1,0,
174,2,425204049256,427014502545,12,-21.3439,-138.375,2,8.681e+08,1,1,0,
174,3,425204049256,427014498548,12,-20.4739,-137.505,2,8.681e+08,1,1,0,
174,4,425204049256,427014491679,12,-12.9984,-130.029,2,8.681e+08,1,1,0,
172,1,430716233884,432526672810,12,-4.98141,-122.012,4,8.681e+08,1,1,0,
172,2,430716233884,432526677666,12,-18.9419,-135.973,4,8.681e+08,1,1,0,
172,3,430716233884,432526684329,12,-21.4721,-138.503,4,8.681e+08,1,1,0,
135,1,436190228883,438000668574,12,-5.21546,-122.246,4,8.681e+08,1,1,0,
135,4,436190228883,438000668291,12,-10.0039,-127.035,4,8.681e+08,1,1,0,
279,1,429239840946,429311778716,7,22.542,-94.4889,2,8.681e+08,1,1,0,
234,3,429093460555,430903903044,12,-16.5629,-133.594,2,8.681e+08,1,1,0,
234,4,429093460555,430903900881,12,-20.1042,-137.135,2,8.681e+08,1,1,0,
175,1,427846397420,429656835655,12,0.41186,-116.619,4,8.681e+08,1,1,0,
252,1,441185197590,441318833500,8,3.23336,-113.798,4,8.681e+08,1,1,0,
118,1,439701606859,440154219986,10,-4.33374,-121.365,2,8.681e+08,1,1,0,
118,2,439701606859,440154227105,10,-15.85,-132.881,2,8.681e+08,1,1,0,
392,1,433133888024,434944326180,12,0.392598,-116.638,2,8.681e+08,1,1,0,
392,2,433133888024,434944330317,12,-15.1036,-132.134,2,8.681e+08,1,1,0,
392,3,433133888024,434944336463,12,-19.5661,-136.597,2,8.681e+08,1,1,0,
392,4,433133888024,434944340458,12,-21.4022,-138.433,2,8.681e+08,1,1,0,
15,1,439684044005,441494482247,12,-2.26693,-119.298,2,8.681e+08,1,1,0,
15,4,439684044005,441494492981,12,-18.7766,-135.808,2,8.681e+08,1,1,0,
114,1,439234727202,439481515418,9,5.82784,-111.203,4,8.681e+08,1,1,0,
98,1,435078941438,435531554670,10,-2.48039,-119.511,2,8.681e+08,1,1,0,
98,4,435078941438,435531566145,10,-15.8511,-132.882,2,8.681e+08,1,1,0,
224,1,436719001354,436965789913,9,4.8564,-112.174,4,8.681e+08,1,1,0,
164,1,452178360264,453165502256,11,3.18565,-113.845,4,8.681e+08,1,1,0,
164,3,452178360264,453165513066,11,-16.4835,-133.514,4,8.681e+08,1,1,0,
164,4,452178360264,453165507075,11,-6.31332,-123.344,4,8.681e+08,1,1,0,
310,1,446211855340,448022295441,12,-1.68691,-118.718,4,8.681e+08,1,1,0,
310,4,446211855340,448022307246,12,-20.5111,-137.542,4,8.681e+08,1,1,0,
232,1,449628341618,450615483599,11,6.03846,-110.992,4,8.681e+08,1,1,0,
232,4,449628341618,450615494348,11,-17.9225,-134.953,4,8.681e+08,1,1,0,
113,1,441012807901,441999949354,11,0.271065,-116.76,4,8.681e+08,1,1,0,
113,2,441012807901,441999954341,11,-13.2996,-130.33,4,8.681e+08,1,1,0,
113,3,441012807901,441999954104,11,-12.6707,-129.702,4,8.681e+08,1,1,0,
113,4,441012807901,441999959399,11,-18.9666,-135.998,4,8.681e+08,1,1,0,
148,1,443814216180,443886153108,7,35.9666,-81.0643,2,8.681e+08,1,1,0,
297,1,442458189472,442704978010,9,-10.3438,-127.375,4,8.681e+08,1,1,0,
267,4,442747132632,444557579867,12,-19.4972,-136.528,4,8.681e+08,1,1,0,
235,1,449191136163,449263074271,7,14.5395,-102.491,2,8.681e+08,1,1,0,
235,3,449191136163,449263085976,7,-8.19496,-125.226,2,8.681e+08,1,1,0,
298,1,448584602341,450395040529,12,2.94819,-114.083,4,8.681e+08,1,1,0,
298,2,448584602341,450395043733,12,-11.3358,-128.367,4,8.681e+08,1,1,0,
298,3,448584602341,450395049698,12,-17.5066,-134.537,4,8.681e+08,1,1,0,
185,4,460151993556,461962435270,12,-10.5955,-127.626,4,8.681e+08,1,1,0,
291,3,449351971900,450339123069,11,-17.0076,-134.038,4,8.681e+08,1,1,0,
28,1,455627199097,455760834964,8,6.12624,-110.905,4,8.681e+08,1,1,0,
151,4,454322877587,454775497787,10,-11.0792,-128.11,2,8.681e+08,1,1,0,
403,1,451878030959,451949968096,7,33.3224,-83.7085,2,8.681e+08,1,1,0,
221,1,456796485459,457249098286,10,-0.0768405,-117.108,2,8.681e+08,1,1,0,
181,1,454513897649,454966510389,10,8.96259,-108.068,2,8.681e+08,1,1,0,
181,3,454513897649,454966516716,10,-13.4997,-130.531,2,8.681e+08,1,1,0,
181,4,454513897649,454966516268,10,-11.9118,-128.943,2,8.681e+08,1,1,0,
5,1,453249952354,453496740524,9,8.84933,-108.182,2,8.681e+08,1,1,0,
5,2,453249952354,453496748449,9,-11.6573,-128.688,2,8.681e+08,1,1,0,
333,1,462308560787,462761173697,10,6.53216,-110.499,4,8.681e+08,1,1,0,
304,1,454986418830,456796858994,12,-10.844,-127.875,4,8.681e+08,1,1,0,
304,3,454986418830,456796860072,12,-19.8956,-136.927,4,8.681e+08,1,1,0,
304,4,454986418830,456796858897,12,-7.26682,-124.298,4,8.681e+08,1,1,0,
287,1,458096436980,458168375733,7,15.0533,-101.978,4,8.681e+08,1,1,0,
296,1,458732263710,460542702959,12,-1.04668,-118.078,2,8.681e+08,1,1,0,
296,2,458732263710,460542706480,12,-12.9203,-129.951,2,8.681e+08,1,1,0,
296,3,458732263710,460542703643,12,-5.32009,-122.351,2,8.681e+08,1,1,0,
62,1,463534073964,465344513758,12,-1.96773,-118.999,4,8.681e+08,1,1,0,
62,2,463534073964,465344513510,12,-9.64344,-126.674,4,8.681e+08,1,1,0,
62,3,463534073964,465344520908,12,-16.1189,-133.15,4,8.681e+08,1,1,0,
154,1,464526413898,464773202311,9,1.60394,-115.427,4,8.681e+08,1,1,0,
154,3,464526413898,464773212181,9,-11.1939,-128.225,4,8.681e+08,1,1,0,
375,2,460845520807,462655963863,12,-11.0763,-128.107,4,8.681e+08,1,1,0,
375,3,460845520807,462655960023,12,-14.1231,-131.154,4,8.681e+08,1,1,0,
58,1,468859766350,469846908347,11,-5.04006,-122.071,4,8.681e+08,1,1,0,
58,4,468859766350,469846911136,11,-15.6484,-132.679,4,8.681e+08,1,1,0,
300,1,464618876018,465606017595,11,2.81824,-114.213,4,8.681e+08,1,1,0,
300,3,464618876018,465606027825,11,-18.2633,-135.294,4,8.681e+08,1,1,0,
300,4,464618876018,465606022335,11,-7.2115,-124.242,4,8.681e+08,1,1,0,
334,1,462956103490,463408716635,10,0.875259,-116.156,2,8.681e+08,1,1,0,
314,1,471152117150,472139259017,11,4.42868,-112.602,4,8.681e+08,1,1,0,
194,1,472216373398,474026813354,12,-9.53974,-126.571,4,8.681e+08,1,1,0,
21,1,467170805151,468981245588,12,-8.57651,-125.607,4,8.681e+08,1,1,0,
21,2,467170805151,468981252104,12,-13.979,-131.01,4,8.681e+08,1,1,0,
25,1,466571440624,466705076425,8,5.42269,-111.608,2,8.681e+08,1,1,0,
25,2,466571440624,466705084825,8,-10.0464,-127.077,2,8.681e+08,1,1,0,
211,1,473974777327,474046715038,7,26.3275,-90.7034,2,8.681e+08,1,1,0,
35,1,469822311886,469894250696,7,9.70078,-107.33,4,8.681e+08,1,1,0,
127,1,470145455475,470279091290,8,-5.43206,-122.463,4,8.681e+08,1,1,0,
283,1,477472646524,477544584728,7,19.8106,-97.2203,2,8.681e+08,1,1,0,
183,1,477129456774,478116598674,11,-1.99198,-119.023,2,8.681e+08,1,1,0,
183,2,477129456774,478116601770,11,-3.29276,-120.324,2,8.681e+08,1,1,0,
183,3,477129456774,478116604340,11,-15.2827,-132.314,2,8.681e+08,1,1,0,
253,3,479851572581,481662012660,12,-17.9218,-134.953,2,8.681e+08,1,1,0,
320,1,477864158702,477936097966,7,12.657,-104.374,2,8.681e+08,1,1,0,
281,1,478513478034,478585416667,7,13.0043,-104.027,2,8.681e+08,1,1,0,
278,1,478335086651,480145525528,12,-2.53311,-119.564,4,8.681e+08,1,1,0,
399,4,478211519706,480021959602,12,-3.30006,-120.331,4,8.681e+08,1,1,0,
100,1,487719407558,487966195773,9,10.6943,-106.337,2,8.681e+08,1,1,0,
100,3,487719407558,487966202617,9,-9.88035,-126.911,2,8.681e+08,1,1,0,
116,1,490904085838,491891227822,11,-2.15061,-119.182,2,8.681e+08,1,1,0,
116,2,490904085838,491891231569,11,-13.173,-130.204,2,8.681e+08,1,1,0,
116,3,490904085838,491891237394,11,-15.3915,-132.422,2,8.681e+08,1,1,0,
261,1,483305496380,483377434406,7,17.1632,-99.8677,2,8.681e+08,1,1,0,
294,1,483118745640,483190684110,7,14.6452,-102.386,4,8.681e+08,1,1,0,
8,1,486502827479,486955440480,10,-0.360841,-117.392,2,8.681e+08,1,1,0,
343,1,486145211048,487955649855,12,-6.43995,-123.471,2,8.681e+08,1,1,0,
343,4,486145211048,487955652102,12,-8.98257,-126.013,2,8.681e+08,1,1,0,
352,1,480997254496,482807694357,12,-14.9719,-132.003,4,8.681e+08,1,1,0,
352,3,480997254496,482807703705,12,-20.6479,-137.679,4,8.681e+08,1,1,0,
352,4,480997254496,482807695851,12,-13.8179,-130.849,4,8.681e+08,1,1,0,
122,1,500307584876,500379524301,7,12.7648,-104.266,2,8.681e+08,1,1,0,
305,2,492287381225,494097820333,12,-3.58363,-120.615,2,8.681e+08,1,1,0,
96,4,497289517297,499099956991,12,-12.3771,-129.408,4,8.681e+08,1,1,0,
312,1,488076447146,489886886802,12,-3.05155,-120.082,4,8.681e+08,1,1,0,
312,3,488076447146,489886897324,12,-19.5929,-136.624,4,8.681e+08,1,1,0,
195,1,490567068606,492377507796,12,-6.08045,-123.111,2,8.681e+08,1,1,0,
97,2,496290562951,498101003493,12,-5.66928,-122.7,4,8.681e+08,1,1,0,
222,1,492035290530,493845730942,12,-3.35559,-120.386,4,8.681e+08,1,1,0,
222,3,492035290530,493845731385,12,-5.38652,-122.417,4,8.681e+08,1,1,0,
222,4,492035290530,493845730696,12,-6.81823,-123.849,4,8.681e+08,1,1,0,
99,1,492025227552,493012369195,11,-8.6277,-125.659,2,8.681e+08,1,1,0,
99,2,492025227552,493012373713,11,-12.5865,-129.617,2,8.681e+08,1,1,0,
99,3,492025227552,493012373764,11,-10.0455,-127.076,2,8.681e+08,1,1,0,
27,1,495745708708,496198321551,10,3.13577,-113.895,4,8.681e+08,1,1,0,
286,3,497377946967,499188388835,12,-3.54702,-120.578,4,8.681e+08,1,1,0,
360,1,498521922578,500332361574,12,0.846997,-116.184,2,8.681e+08,1,1,0,
141,1,499650265520,499722203786,7,15.5652,-101.466,2,8.681e+08,1,1,0,
201,3,500123732599,501934173909,12,-6.01606,-123.047,2,8.681e+08,1,1,0,
201,4,500123732599,501934172550,12,-3.81766,-120.849,2,8.681e+08,1,1,0,
318,1,501162505011,502972943451,12,0.0110284,-117.02,2,8.681e+08,1,1,0,
318,2,501162505011,502972950348,12,-9.77694,-126.808,2,8.681e+08,1,1,0,
255,1,503422483558,503669271834,9,-0.532224,-117.563,2,8.681e+08,1,1,0,
369,1,504707361483,504779300065,7,10.764,-106.267,4,8.681e+08,1,1,0,
385,1,502988967146,503235755627,9,-4.83022,-121.861,4,8.681e+08,1,1,0,
54,1,503183019949,503635632728,10,0.49094,-116.54,2,8.681e+08,1,1,0,
54,3,503183019949,503635638110,10,-9.58651,-126.617,2,8.681e+08,1,1,0,
20,1,505365118123,505611906432,9,10.1559,-106.875,2,8.681e+08,1,1,0,
20,2,505365118123,505611916140,9,-12.1156,-129.147,2,8.681e+08,1,1,0,
20,4,505365118123,505611914290,9,-13.0913,-130.122,2,8.681e+08,1,1,0,
197,1,506720028528,506791966217,7,26.2008,-90.8301,2,8.681e+08,1,1,0,
274,1,504581139067,504714775174,8,11.0741,-105.957,2,8.681e+08,1,1,0,
23,1,507095169340,507167108337,7,18.0798,-98.9511,2,8.681e+08,1,1,0,
301,1,507271248324,507343187404,7,12.609,-104.422,2,8.681e+08,1,1,0,
200,1,506494175119,508304613236,12,-10.3733,-127.404,4,8.681e+08,1,1,0,
200,4,506494175119,508304625595,12,-21.7289,-138.76,4,8.681e+08,1,1,0,
341,1,506346119437,507333261265,11,-1.29247,-118.323,4,8.681e+08,1,1,0,
341,3,506346119437,507333265930,11,-12.0803,-129.111,4,8.681e+08,1,1,0,
341,4,506346119437,507333265114,11,-10.2229,-127.254,4,8.681e+08,1,1,0,
236,1,510677889553,510749829153,7,7.49658,-109.534,4,8.681e+08,1,1,0,
149,1,509852192926,509924131524,7,10.2415,-106.789,4,8.681e+08,1,1,0,
386,1,513858085191,513930023158,7,27.3596,-89.6713,4,8.681e+08,1,1,0,
342,1,511422710534,511669498676,9,8.87772,-108.153,4,8.681e+08,1,1,0,
161,3,510367328961,512177767555,12,-1.24105,-118.272,4,8.681e+08,1,1,0,
161,4,510367328961,512177774507,12,-17.5365,-134.567,4,8.681e+08,1,1,0,
299,1,511093382441,512080524282,11,0.642139,-116.389,4,8.681e+08,1,1,0,
45,1,512396202501,512848815772,10,5.46337,-111.568,2,8.681e+08,1,1,0,
39,1,518366950848,518438889902,7,7.86989,-109.161,4,8.681e+08,1,1,0,
330,1,517896473846,519706912799,12,0.65557,-116.375,2,8.681e+08,1,1,0,
330,2,517896473846,519706914971,12,-14.9774,-132.008,2,8.681e+08,1,1,0,
330,3,517896473846,519706915381,12,-14.5749,-131.606,2,8.681e+08,1,1,0,
134,4,518044351664,519854790605,12,-3.20762,-120.239,2,8.681e+08,1,1,0,
316,1,526205651837,528016091911,12,-1.78471,-118.816,4,8.681e+08,1,1,0,
316,4,526205651837,528016090438,12,-4.90404,-121.935,4,8.681e+08,1,1,0,
367,2,527094445591,528904885798,12,-5.56086,-122.592,4,8.681e+08,1,1,0,
270,1,530271873525,532082313884,12,-3.87454,-120.905,2,8.681e+08,1,1,0,
270,4,530271873525,532082312635,12,-11.9375,-128.968,2,8.681e+08,1,1,0,
389,3,527429620983,529240068790,12,-15.5694,-132.6,2,8.681e+08,1,1,0,
260,1,542993587559,543446200625,10,-3.97709,-121.008,2,8.681e+08,1,1,0,
388,1,520742365726,520876001636,8,5.69722,-111.334,2,8.681e+08,1,1,0,
388,4,520742365726,520876008711,8,-10.4738,-127.505,2,8.681e+08,1,1,0,
401,1,530945513453,531398126516,10,-1.82629,-118.857,4,8.681e+08,1,1,0,
401,4,530945513453,531398133701,10,-13.2007,-130.232,4,8.681e+08,1,1,0,
250,1,534604595741,536415036200,12,-5.46694,-122.498,4,8.681e+08,1,1,0,
250,4,534604595741,536415040073,12,-21.2618,-138.293,4,8.681e+08,1,1,0,
331,1,528603420246,528850208466,9,-10.4517,-127.483,4,8.681e+08,1,1,0,
123,1,542479185359,544289624875,12,-5.83947,-122.87,2,8.681e+08,1,1,0,
402,1,532845546657,532979182392,8,6.11982,-110.911,4,8.681e+08,1,1,0,
254,1,533145053111,534955492268,12,-4.30235,-121.333,2,8.681e+08,1,1,0,
254,2,533145053111,534955494327,12,-15.3842,-132.415,2,8.681e+08,1,1,0,
254,3,533145053111,534955501455,12,-20.1959,-137.227,2,8.681e+08,1,1,0,
364,1,537077484027,538887922922,12,-16.1467,-133.178,4,8.681e+08,1,1,0,
364,3,537077484027,538887928062,12,-13.3947,-130.426,4,8.681e+08,1,1,0,
139,1,543608311506,543855099669,9,5.78466,-111.246,4,8.681e+08,1,1,0,
139,2,543608311506,543855106933,9,-11.271,-128.302,4,8.681e+08,1,1,0,
230,1,543111397644,544921836353,12,-6.40075,-123.432,2,8.681e+08,1,1,0,
230,2,543111397644,544921837662,12,-9.61645,-126.647,2,8.681e+08,1,1,0,
230,3,543111397644,544921842982,12,-13.2479,-130.279,2,8.681e+08,1,1,0,
321,1,539303912580,539756525267,10,-2.75887,-119.79,2,8.681e+08,1,1,0,
321,2,539303912580,539756531159,10,-15.8479,-132.879,2,8.681e+08,1,1,0,
321,3,539303912580,539756531789,10,-14.9967,-132.028,2,8.681e+08,1,1,0,
285,1,555495481059,556482622833,11,-4.41892,-121.45,2,8.681e+08,1,1,0,
251,1,541533054858,541604992741,7,19.8068,-97.2241,2,8.681e+08,1,1,0,
269,1,543351963055,543485598676,8,1.00382,-116.027,4,8.681e+08,1,1,0,
358,1,549176884049,549248823365,7,9.19829,-107.833,4,8.681e+08,1,1,0,
353,1,551862800761,553673239893,12,-10.2556,-127.286,4,8.681e+08,1,1,0,
353,2,551862800761,553673240344,12,-4.82899,-121.86,4,8.681e+08,1,1,0,
48,1,550035870412,550169506332,8,3.37998,-113.651,2,8.681e+08,1,1,0,
48,4,550035870412,550169513178,8,-9.39453,-126.425,2,8.681e+08,1,1,0,
188,1,544329941855,545317083702,11,2.39468,-114.636,4,8.681e+08,1,1,0,
95,1,548956173692,549089809373,8,8.42811,-108.603,2,8.681e+08,1,1,0,
336,1,546314248059,548124687088,12,-2.97349,-120.004,2,8.681e+08,1,1,0,
332,1,555507787453,557318225959,12,-0.616512,-117.647,4,8.681e+08,1,1,0,
332,2,555507787453,557318234810,12,-15.3973,-132.428,4,8.681e+08,1,1,0,
248,1,551721621928,551793559104,7,25.0063,-92.0246,2,8.681e+08,1,1,0,
190,1,564927624582,564999563338,7,15.8746,-101.156,2,8.681e+08,1,1,0,
240,3,554316148650,556126598878,12,-21.8067,-138.838,4,8.681e+08,1,1,0,
240,4,554316148650,556126591817,12,-9.98571,-127.017,4,8.681e+08,1,1,0,
246,1,556383509377,556630297573,9,6.64824,-110.383,2,8.681e+08,1,1,0,
262,1,563383769641,563836382906,10,5.47041,-111.56,4,8.681e+08,1,1,0,
262,2,563383769641,563836389366,10,-12.8675,-129.898,4,8.681e+08,1,1,0,
81,1,556282561502,557269703378,11,1.4222,-115.609,4,8.681e+08,1,1,0,
81,3,556282561502,557269714479,11,-16.6426,-133.673,4,8.681e+08,1,1,0,
81,4,556282561502,557269708612,11,-11.2143,-128.245,4,8.681e+08,1,1,0,
404,1,563907246928,565717687243,12,-6.63633,-123.667,2,8.681e+08,1,1,0,
404,2,563907246928,565717699963,12,-22.2937,-139.325,2,8.681e+08,1,1,0,
404,3,563907246928,565717693154,12,-15.1038,-132.135,2,8.681e+08,1,1,0,
404,4,563907246928,565717685593,12,-1.90682,-118.938,2,8.681e+08,1,1,0,
49,1,558305696204,559292838192,11,-2.85842,-119.889,2,8.681e+08,1,1,0,
49,2,558305696204,559292841046,11,-11.8578,-128.889,2,8.681e+08,1,1,0,
49,3,558305696204,559292843953,11,-9.73103,-126.762,2,8.681e+08,1,1,0,
362,4,558066634340,559053780393,11,-7.18257,-124.213,4,8.681e+08,1,1,0,
51,1,569326869440,569398808030,7,16.4648,-100.566,2,8.681e+08,1,1,0,
75,1,564212124840,564284063395,7,0.556448,-116.474,4,8.681e+08,1,1,0,
142,1,560126831724,560579444452,10,-4.8188,-121.85,4,8.681e+08,1,1,0,
142,2,560126831724,560579452972,10,-13.6812,-130.712,4,8.681e+08,1,1,0,
142,3,560126831724,560579449683,10,-11.7106,-128.741,4,8.681e+08,1,1,0,
142,4,560126831724,560579452427,10,-16.4515,-133.482,4,8.681e+08,1,1,0,
365,1,561531259482,563341699710,12,-17.1219,-134.153,4,8.681e+08,1,1,0,
365,2,561531259482,563341697929,12,2.51632,-114.515,4,8.681e+08,1,1,0,
110,3,570654391389,572464832202,12,-5.26043,-122.291,2,8.681e+08,1,1,0,
110,4,570654391389,572464831930,12,-5.9786,-123.009,2,8.681e+08,1,1,0,
33,1,569037044672,570847483088,12,0.354111,-116.677,2,8.681e+08,1,1,0,
33,2,569037044672,570847485167,12,-14.0651,-131.096,2,8.681e+08,1,1,0,
33,3,569037044672,570847488120,12,-11.5247,-128.556,2,8.681e+08,1,1,0,
349,4,567736520583,569546961172,12,-9.6776,-126.708,4,8.681e+08,1,1,0,
157,1,566877691967,566949630187,7,-0.0625908,-117.093,4,8.681e+08,1,1,0,
163,1,576601478041,576673414988,7,33.5114,-83.5195,2,8.681e+08,1,1,0,
265,1,573123602283,573257238285,8,1.62289,-115.408,4,8.681e+08,1,1,0,
115,1,570920655968,570992593300,7,24.4253,-92.6056,2,8.681e+08,1,1,0,
68,1,572959655853,574770094730,12,-8.27393,-125.305,2,8.681e+08,1,1,0,
68,3,572959655853,574770103661,12,-21.1958,-138.227,2,8.681e+08,1,1,0,
68,4,572959655853,574770108607,12,-21.8785,-138.909,2,8.681e+08,1,1,0,
132,1,572602857999,573589999476,11,6.18533,-110.846,2,8.681e+08,1,1,0,
132,2,572602857999,573590009553,11,-17.8915,-134.922,2,8.681e+08,1,1,0,
132,3,572602857999,573590004219,11,-6.77521,-123.806,2,8.681e+08,1,1,0,
132,4,572602857999,573590004385,11,-4.16677,-121.198,2,8.681e+08,1,1,0,
396,3,577024228652,578834678702,12,-22.1211,-139.152,2,8.681e+08,1,1,0,
396,4,577024228652,578834670600,12,-10.5616,-127.593,2,8.681e+08,1,1,0,
366,1,578310411472,578763024301,10,-0.505378,-117.536,4,8.681e+08,1,1,0,
366,4,578310411472,578763035054,10,-13.9397,-130.971,4,8.681e+08,1,1,0,
120,1,574579844790,576390283247,12,-2.02042,-119.051,2,8.681e+08,1,1,0,
120,2,574579844790,576390285042,12,-15.4473,-132.478,2,8.681e+08,1,1,0,
219,3,575316034841,577126476878,12,-15.4403,-132.471,2,8.681e+08,1,1,0,
219,4,575316034841,577126475181,12,-3.21585,-120.247,2,8.681e+08,1,1,0,
85,1,576216568037,576350203730,8,9.00646,-108.024,2,8.681e+08,1,1,0,
144,1,578680866213,580491306657,12,0.109648,-116.921,2,8.681e+08,1,1,0,
258,1,583134973061,584122114696,11,2.09089,-114.94,2,8.681e+08,1,1,0,
258,2,583134973061,584122118110,11,-10.2098,-127.241,2,8.681e+08,1,1,0,
258,4,583134973061,584122127040,11,-18.1334,-135.164,2,8.681e+08,1,1,0,
32,1,602562957288,604373395332,12,-0.306256,-117.337,2,8.681e+08,1,1,0,
32,2,602562957288,604373400843,12,-11.8112,-128.842,2,8.681e+08,1,1,0,
32,3,602562957288,604373398135,12,-1.86843,-118.899,2,8.681e+08,1,1,0,
32,4,602562957288,604373403310,12,-17.5779,-134.609,2,8.681e+08,1,1,0,
91,1,585154912917,585288548944,8,-10.9563,-127.987,2,8.681e+08,1,1,0,
382,1,585953397527,586940539558,11,1.0833,-115.948,4,8.681e+08,1,1,0,
382,2,585953397527,586940543008,11,-10.6528,-127.684,4,8.681e+08,1,1,0,
382,3,585953397527,586940548787,11,-16.6957,-133.727,4,8.681e+08,1,1,0,
108,1,584191988518,585179130512,11,7.4632,-109.568,4,8.681e+08,1,1,0,
108,4,584191988518,585179139997,11,-16.9094,-133.94,4,8.681e+08,1,1,0,
150,2,586409852946,588220293137,12,-7.0308,-124.062,2,8.681e+08,1,1,0,
241,1,586567296108,588377734874,12,0.746187,-116.285,2,8.681e+08,1,1,0,
302,1,585210406232,587020844555,12,-0.217585,-117.248,4,8.681e+08,1,1,0,
302,3,585210406232,587020848753,12,-19.0881,-136.119,4,8.681e+08,1,1,0,
302,4,585210406232,587020847306,12,-4.12036,-121.151,4,8.681e+08,1,1,0,
143,1,590384511054,592194949421,12,-6.14091,-123.172,4,8.681e+08,1,1,0,
143,4,590384511054,592194953966,12,-9.07495,-126.106,4,8.681e+08,1,1,0,
288,1,618943149024,620753587969,12,0.691281,-116.34,4,8.681e+08,1,1,0,
288,2,618943149024,620753589263,12,-5.38585,-122.417,4,8.681e+08,1,1,0,
74,1,606105425085,607092566661,11,-1.31953,-118.35,2,8.681e+08,1,1,0,
284,1,599182818548,600169960364,11,0.00931083,-117.022,4,8.681e+08,1,1,0,
395,1,589805781180,590258393862,10,-2.13588,-119.167,2,8.681e+08,1,1,0,
323,1,594669898397,596480338540,12,-6.24748,-123.278,2,8.681e+08,1,1,0,
323,2,594669898397,596480341798,12,-13.1222,-130.153,2,8.681e+08,1,1,0,
323,3,594669898397,596480337170,12,-4.09024,-121.121,2,8.681e+08,1,1,0,
323,4,594669898397,596480344452,12,-14.702,-131.733,2,8.681e+08,1,1,0,
257,1,599017425989,600827866130,12,-14.2069,-131.238,2,8.681e+08,1,1,0,
257,3,599017425989,600827873662,12,-16.8719,-133.903,2,8.681e+08,1,1,0,
257,4,599017425989,600827865675,12,-6.57807,-123.609,2,8.681e+08,1,1,0,
309,1,597424060987,597670849541,9,-0.538551,-117.569,2,8.681e+08,1,1,0,
340,1,598300970710,598372909241,7,11.2653,-105.766,4,8.681e+08,1,1,0,
187,1,612405678299,612539314016,8,11.6026,-105.428,2,8.681e+08,1,1,0,
138,1,608949881313,609402494331,10,2.92523,-114.106,4,8.681e+08,1,1,0,
138,3,608949881313,609402498971,10,-14.0781,-131.109,4,8.681e+08,1,1,0,
322,1,600035122691,600281910990,9,1.81429,-115.217,4,8.681e+08,1,1,0,
322,3,600035122691,600281918054,9,-11.8367,-128.868,4,8.681e+08,1,1,0,
322,4,600035122691,600281917669,9,-12.8057,-129.837,4,8.681e+08,1,1,0,
112,1,611850580784,612837722758,11,0.826154,-116.205,2,8.681e+08,1,1,0,
112,3,611850580784,612837731408,11,-17.6889,-134.72,2,8.681e+08,1,1,0,
112,4,611850580784,612837725952,11,-17.2289,-134.26,2,8.681e+08,1,1,0,
205,1,608939565704,610750004004,12,2.97516,-114.056,2,8.681e+08,1,1,0,
205,4,608939565704,610750014165,12,-20.1702,-137.201,2,8.681e+08,1,1,0,
83,1,610590001578,612400441368,12,-5.5061,-122.537,2,8.681e+08,1,1,0,
105,1,611022450051,612009591883,11,-5.60954,-122.64,4,8.681e+08,1,1,0,
105,3,611022450051,612009603628,11,-18.5246,-135.555,4,8.681e+08,1,1,0,
105,4,611022450051,612009597891,11,-15.9048,-132.936,4,8.681e+08,1,1,0,
67,1,619995890884,620067828661,7,21.6853,-95.3456,2,8.681e+08,1,1,0,
381,1,614425151283,614671939507,9,-0.615322,-117.646,2,8.681e+08,1,1,0,
384,1,612561885969,614372325432,12,-2.71534,-119.746,4,8.681e+08,1,1,0,
384,2,612561885969,614372325464,12,-5.10936,-122.14,4,8.681e+08,1,1,0,
311,1,613134997620,613268633294,8,-1.85885,-118.89,2,8.681e+08,1,1,0,
311,3,613134997620,613268643036,8,-11.9634,-128.994,2,8.681e+08,1,1,0,
7,3,613142968056,614953411564,12,-10.4473,-127.478,4,8.681e+08,1,1,0,
7,4,613142968056,614953406705,12,1.33688,-115.694,4,8.681e+08,1,1,0,
371,1,614997334806,615449947662,10,-0.356033,-117.387,2,8.681e+08,1,1,0,
371,2,614997334806,615449952639,10,-14.9539,-131.985,2,8.681e+08,1,1,0,
210,1,614658261242,614730200088,7,5.80834,-111.223,4,8.681e+08,1,1,0,
210,2,614658261242,614730209071,7,-7.44271,-124.474,4,8.681e+08,1,1,0,
218,1,623149094864,623221033761,7,12.817,-104.214,2,8.681e+08,1,1,0,
145,1,625230684124,625302622987,7,13.8779,-103.153,4,8.681e+08,1,1,0,
44,1,615573808271,615645746696,7,16.1286,-100.902,2,8.681e+08,1,1,0,
354,1,621833044556,623643484577,12,-7.50169,-124.533,2,8.681e+08,1,1,0,
354,3,621833044556,623643487613,12,-9.03242,-126.063,2,8.681e+08,1,1,0,
354,4,621833044556,623643483585,12,1.13678,-115.894,2,8.681e+08,1,1,0,
162,1,627220342509,629030780610,12,2.14787,-114.883,4,8.681e+08,1,1,0,
162,2,627220342509,629030793658,12,-19.6417,-136.673,4,8.681e+08,1,1,0,
162,3,627220342509,629030788297,12,-9.53471,-126.566,4,8.681e+08,1,1,0,
162,4,627220342509,629030783227,12,-6.39602,-123.427,4,8.681e+08,1,1,0,
259,1,624319427372,624566215502,9,7.44825,-109.583,4,8.681e+08,1,1,0,
126,1,633433653674,633886266613,10,0.31731,-116.714,2,8.681e+08,1,1,0,
126,4,633433653674,633886271679,10,-11.4581,-128.489,2,8.681e+08,1,1,0,
13,1,631359725390,633170164327,12,-5.1367,-122.168,4,8.681e+08,1,1,0,
290,1,623845410692,624832552111,11,2.26906,-114.762,4,8.681e+08,1,1,0,
370,1,632618768277,632690705301,7,33.3764,-83.6545,4,8.681e+08,1,1,0,
243,1,629723563227,631534003020,12,-5.75377,-122.785,4,8.681e+08,1,1,0,
243,3,629723563227,631534007366,12,-17.1244,-134.155,4,8.681e+08,1,1,0,
243,4,629723563227,631534002154,12,4.03785,-112.993,4,8.681e+08,1,1,0,
199,1,629281915950,629353855011,7,15.9139,-101.117,4,8.681e+08,1,1,0,
69,2,632621878634,634432320587,12,-11.204,-128.235,2,8.681e+08,1,1,0,
220,1,632514625472,632761413926,9,13.6722,-103.359,2,8.681e+08,1,1,0,
220,2,632514625472,632761421345,9,-12.608,-129.639,2,8.681e+08,1,1,0,
129,2,637704548622,639514989698,12,-7.2459,-124.277,2,8.681e+08,1,1,0,
168,1,634047665075,635858104430,12,-1.02197,-118.053,4,8.681e+08,1,1,0,
168,3,634047665075,635858112415,12,-17.1503,-134.181,4,8.681e+08,1,1,0,
168,4,634047665075,635858105308,12,-9.0974,-126.128,4,8.681e+08,1,1,0,
9,1,643485883634,643557820969,7,14.6877,-102.343,4,8.681e+08,1,1,0,
42,4,636692897452,638503337550,12,-1.84716,-118.878,4,8.681e+08,1,1,0,
147,1,638199045142,638270983753,7,12.7203,-104.311,4,8.681e+08,1,1,0,
169,1,640063948616,641874387366,12,-0.86118,-117.892,2,8.681e+08,1,1,0,
169,3,640063948616,641874397741,12,-20.3265,-137.357,2,8.681e+08,1,1,0,
169,4,640063948616,641874391000,12,-9.17432,-126.205,2,8.681e+08,1,1,0,
207,1,640213148343,640285087880,7,4.69196,-112.339,2,8.681e+08,1,1,0,
140,1,640406227839,640653016354,9,-4.96492,-121.996,4,8.681e+08,1,1,0,
140,4,640406227839,640653023052,9,-10.4859,-127.517,4,8.681e+08,1,1,0,
102,1,642318749829,643305891764,11,-1.29548,-118.326,2,8.681e+08,1,1,0,
102,3,642318749829,643305894600,11,-3.12311,-120.154,2,8.681e+08,1,1,0,
245,4,642108476869,643918922573,12,-22.123,-139.154,4,8.681e+08,1,1,0,
374,1,642589195217,644399634363,12,-5.81253,-122.843,4,8.681e+08,1,1,0,
374,2,642589195217,644399636470,12,-8.38748,-125.418,4,8.681e+08,1,1,0,
264,1,658317023816,658563812299,9,9.33993,-107.691,4,8.681e+08,1,1,0,
264,2,658317023816,658563821537,9,-12.6988,-129.73,4,8.681e+08,1,1,0,
376,1,646776765410,646848702820,7,21.5797,-95.4512,4,8.681e+08,1,1,0,
36,1,647571303988,648558445913,11,-1.2792,-118.31,4,8.681e+08,1,1,0,
36,2,647571303988,648558454864,11,-17.6377,-134.669,4,8.681e+08,1,1,0,
136,1,645011561746,645464175044,10,3.07944,-113.951,2,8.681e+08,1,1,0,
136,2,645011561746,645464181389,10,-11.0339,-128.065,2,8.681e+08,1,1,0,
238,2,646257372206,648067812363,12,-11.395,-128.426,4,8.681e+08,1,1,0,
238,3,646257372206,648067813678,12,-9.51487,-126.546,4,8.681e+08,1,1,0,
34,1,647896932811,649707372620,12,-6.56609,-123.597,4,8.681e+08,1,1,0,
34,3,647896932811,649707380084,12,-12.5654,-129.596,4,8.681e+08,1,1,0,
34,4,647896932811,649707372547,12,-14.3354,-131.366,4,8.681e+08,1,1,0,
57,1,652926437475,653379050403,10,0.798926,-116.232,2,8.681e+08,1,1,0,
57,2,652926437475,653379057353,10,-10.8931,-127.924,2,8.681e+08,1,1,0,
57,3,652926437475,653379055409,10,-10.3869,-127.418,2,8.681e+08,1,1,0,
170,1,656658212912,658468652682,12,-0.984098,-118.015,2,8.681e+08,1,1,0,
209,1,649056836554,649509449413,10,-2.74924,-119.78,2,8.681e+08,1,1,0,
209,2,649056836554,649509461883,10,-15.706,-132.737,2,8.681e+08,1,1,0,
63,1,649356017119,651166456357,12,-3.84093,-120.872,4,8.681e+08,1,1,0,
29,1,651067256243,651314044712,9,-4.47939,-121.51,4,8.681e+08,1,1,0,
180,1,652559179173,652805967409,9,1.34886,-115.682,2,8.681e+08,1,1,0,
192,1,649930573810,650917715651,11,-1.15689,-118.188,2,8.681e+08,1,1,0,
117,1,656973904402,657045843213,7,2.87237,-114.159,2,8.681e+08,1,1,0,
189,1,654011239529,654998381284,11,0.698146,-116.333,2,8.681e+08,1,1,0,
159,1,655474375733,655546313098,7,27.3025,-89.7284,4,8.681e+08,1,1,0,
346,4,657689287551,659499730449,12,-10.6103,-127.641,4,8.681e+08,1,1,0,
103,1,666381774686,667368916638,11,-5.24498,-122.276,4,8.681e+08,1,1,0,
103,3,666381774686,667368927002,11,-16.9791,-134.01,4,8.681e+08,1,1,0,
103,4,666381774686,667368921068,11,-5.79706,-122.828,4,8.681e+08,1,1,0,
16,2,659196257338,661006695786,12,-6.1667,-123.198,4,8.681e+08,1,1,0,
16,3,659196257338,661006702203,12,-16.7758,-133.807,4,8.681e+08,1,1,0,
306,1,659044831293,659178467204,8,5.91866,-111.112,2,8.681e+08,1,1,0,
233,1,679784708823,681595147534,12,-4.60624,-121.637,2,8.681e+08,1,1,0,
233,2,679784708823,681595149535,12,-14.6812,-131.712,2,8.681e+08,1,1,0,
233,3,679784708823,681595155919,12,-19.778,-136.809,2,8.681e+08,1,1,0,
82,3,661726045506,663536487248,12,-7.95662,-124.988,4,8.681e+08,1,1,0,
82,4,661726045506,663536485522,12,-9.35759,-126.388,4,8.681e+08,1,1,0,
227,1,662853170138,663305783446,10,-1.86445,-118.895,4,8.681e+08,1,1,0,
227,2,662853170138,663305787729,10,-12.7323,-129.763,4,8.681e+08,1,1,0,
227,3,662853170138,663305789819,10,-16.2089,-133.24,4,8.681e+08,1,1,0,
153,1,660649845799,662460284653,12,-0.70677,-117.738,4,8.681e+08,1,1,0,
373,2,665288193929,667098633832,12,-6.56494,-123.596,4,8.681e+08,1,1,0,
94,1,660464073647,660536012976,7,6.48791,-110.543,2,8.681e+08,1,1,0,
10,1,665413654848,666400796611,11,-2.03861,-119.07,4,8.681e+08,1,1,0,
10,3,665413654848,666400799985,11,-3.40559,-120.436,4,8.681e+08,1,1,0,
10,4,665413654848,666400802428,11,-15.1269,-132.158,4,8.681e+08,1,1,0,
131,1,665774238473,667584677339,12,-2.58163,-119.613,4,8.681e+08,1,1,0,
131,3,665774238473,667584679798,12,-4.04763,-121.079,4,8.681e+08,1,1,0,
186,1,670481978455,670553917433,7,16.3207,-100.71,2,8.681e+08,1,1,0,
171,1,669938928165,670010867747,7,6.56074,-110.47,4,8.681e+08,1,1,0,
327,1,672781881685,673028670076,9,3.46147,-113.569,2,8.681e+08,1,1,0,
119,1,668748895754,670559335158,12,-5.46668,-122.498,2,8.681e+08,1,1,0,
119,2,668748895754,670559340376,12,-14.9802,-132.011,2,8.681e+08,1,1,0,
119,4,668748895754,670559349832,12,-20.4359,-137.467,2,8.681e+08,1,1,0,
282,1,675842894114,677653332696,12,-14.3737,-131.405,4,8.681e+08,1,1,0,
282,4,675842894114,677653335392,12,-17.0616,-134.092,4,8.681e+08,1,1,0,
359,1,671490162283,671942775320,10,1.75465,-115.276,4,8.681e+08,1,1,0,
359,2,671490162283,671942781238,10,-10.4002,-127.431,4,8.681e+08,1,1,0,
359,3,671490162283,671942780600,10,-8.04509,-125.076,4,8.681e+08,1,1,0,
380,1,673576019859,673709655953,8,5.62663,-111.404,4,8.681e+08,1,1,0,
11,1,672091167987,672163105299,7,30.1476,-86.8833,2,8.681e+08,1,1,0,
31,1,677203007587,677655620585,10,3.45061,-113.58,2,8.681e+08,1,1,0,
31,4,677203007587,677655628766,10,-14.9796,-132.011,2,8.681e+08,1,1,0,
214,1,680011906019,680145541762,8,12.4658,-104.565,4,8.681e+08,1,1,0,
160,1,680625775850,680872564038,9,8.56881,-108.462,2,8.681e+08,1,1,0,
266,1,678139554889,679949994884,12,-12.2072,-129.238,4,8.681e+08,1,1,0,
266,2,678139554889,679950005564,12,-21.1958,-138.227,4,8.681e+08,1,1,0,
47,1,680804765450,680876703336,7,20.2767,-96.7542,4,8.681e+08,1,1,0,
130,4,689401117767,691211559499,12,-10.6833,-127.714,4,8.681e+08,1,1,0,
383,1,682829979618,683817121569,11,-0.818427,-117.849,4,8.681e+08,1,1,0,
383,2,682829979618,683817125035,11,-6.39395,-123.425,4,8.681e+08,1,1,0,
383,3,682829979618,683817126265,11,-9.14262,-126.174,4,8.681e+08,1,1,0,
128,1,683254991248,685065430431,12,-3.86512,-120.896,2,8.681e+08,1,1,0,
111,1,687753431996,689563870237,12,4.9781,-112.053,4,8.681e+08,1,1,0,
239,3,682373946228,684184390201,12,-7.07298,-124.104,2,8.681e+08,1,1,0,
239,4,682373946228,684184385274,12,-0.385145,-117.416,2,8.681e+08,1,1,0,
88,2,681689832777,683500278288,12,-16.1127,-133.144,4,8.681e+08,1,1,0,
351,1,684646191775,686456631361,12,-5.10928,-122.14,2,8.681e+08,1,1,0,
315,1,689791169818,691601609015,12,-2.19839,-119.229,4,8.681e+08,1,1,0,
228,4,692732625038,694543070548,12,-15.9981,-133.029,4,8.681e+08,1,1,0,
64,1,692059616937,693870056365,12,-1.26024,-118.291,4,8.681e+08,1,1,0,
109,2,690175108611,691985547985,12,0.572535,-116.458,4,8.681e+08,1,1,0,
109,3,690175108611,691985552252,12,-11.9757,-129.007,4,8.681e+08,1,1,0,
86,1,693222888529,693294827721,7,10.6445,-106.386,4,8.681e+08,1,1,0,
400,1,694144006926,694215946100,7,13.3866,-103.644,4,8.681e+08,1,1,0,
37,1,690547174270,690999787332,10,5.08212,-111.949,4,8.681e+08,1,1,0,
37,3,690547174270,690999792124,10,-14.7775,-131.808,4,8.681e+08,1,1,0,
37,4,690547174270,690999793971,10,-14.765,-131.796,4,8.681e+08,1,1,0,
387,1,691292966043,691539754444,9,2.9135,-114.117,2,8.681e+08,1,1,0,
191,3,694301110789,696111562971,12,-20.6776,-137.709,2,8.681e+08,1,1,0,
191,4,694301110789,696111557594,12,-15.5961,-132.627,2,8.681e+08,1,1,0,
272,1,694754029212,694825965756,7,47.0233,-70.0076,2,8.681e+08,1,1,0,
263,1,694897226994,694969165893,7,9.56482,-107.466,4,8.681e+08,1,1,0,
237,1,706069545900,707879985049,12,-0.948148,-117.979,2,8.681e+08,1,1,0,
237,2,706069545900,707879999141,12,-21.9228,-138.954,2,8.681e+08,1,1,0,
204,2,709056698671,710867147247,12,-12.9861,-130.017,2,8.681e+08,1,1,0,
203,1,698112895518,698565508277,10,5.01271,-112.018,4,8.681e+08,1,1,0,
203,2,698112895518,698565514211,10,-13.3959,-130.427,4,8.681e+08,1,1,0,
203,3,698112895518,698565518763,10,-13.2462,-130.277,4,8.681e+08,1,1,0,
177,1,709616281679,709688219929,7,12.1999,-104.831,2,8.681e+08,1,1,0,
73,1,700555545165,701008158096,10,0.396107,-116.635,4,8.681e+08,1,1,0,
73,2,700555545165,701008165788,10,-13.6294,-130.66,4,8.681e+08,1,1,0,
242,1,700830190725,701076979182,9,7.00936,-110.022,2,8.681e+08,1,1,0,
242,3,700830190725,701076985106,9,-6.35995,-123.391,2,8.681e+08,1,1,0,
92,1,710035181057,710487794183,10,1.11201,-115.919,2,8.681e+08,1,1,0,
92,3,710035181057,710487798606,10,-7.7016,-124.733,2,8.681e+08,1,1,0,
165,1,702754892207,703001680802,9,-0.869951,-117.901,4,8.681e+08,1,1,0,
165,3,702754892207,703001686353,9,-13.2019,-130.233,4,8.681e+08,1,1,0,
60,1,704843128987,705295741931,10,-3.59729,-120.628,2,8.681e+08,1,1,0,
256,1,711595228326,711667166599,7,21.3386,-95.6923,2,8.681e+08,1,1,0,
125,1,708954341044,710764779343,12,-7.06416,-124.095,4,8.681e+08,1,1,0,
125,4,708954341044,710764784603,12,-15.7937,-132.825,4,8.681e+08,1,1,0,
6,3,710280407643,712090847803,12,-9.9834,-127.014,2,8.681e+08,1,1,0,
6,4,710280407643,712090851052,12,-15.3746,-132.405,2,8.681e+08,1,1,0,
106,1,710487610395,710621246206,8,5.44153,-111.589,4,8.681e+08,1,1,0,
390,1,711323003628,711775616710,10,8.28341,-108.747,2,8.681e+08,1,1,0,
295,1,713317311287,713389250004,7,6.23761,-110.793,2,8.681e+08,1,1,0,
41,1,715108824070,715180762795,7,19.7915,-97.2394,2,8.681e+08,1,1,0,
339,2,710535553459,712346001363,12,-14.168,-131.199,2,8.681e+08,1,1,0,
53,2,713944940935,714191736685,9,-13.7741,-130.805,2,8.681e+08,1,1,0,
53,3,713944940935,714191735319,9,-9.0052,-126.036,2,8.681e+08,1,1,0,
271,1,716112256029,717922694542,12,-7.24748,-124.278,2,8.681e+08,1,1,0,
271,4,716112256029,717922700305,12,-17.9415,-134.972,2,8.681e+08,1,1,0,
350,1,712953846551,713025786091,7,5.15866,-111.872,2,8.681e+08,1,1,0,
231,1,716710347514,717162960631,10,8.20412,-108.827,2,8.681e+08,1,1,0,
26,1,718233729823,718305668715,7,12.8951,-104.136,2,8.681e+08,1,1,0,
217,2,715049489413,716036641177,11,-16.761,-133.792,2,8.681e+08,1,1,0,
101,1,718634541136,719621682641,11,-4.75933,-121.79,2,8.681e+08,1,1,0,
101,2,718634541136,719621687274,11,-5.26486,-122.296,2,8.681e+08,1,1,0,
247,1,719552976151,721363415746,12,-3.89873,-120.93,4,8.681e+08,1,1,0,
247,2,719552976151,721363422308,12,-21.067,-138.098,4,8.681e+08,1,1,0,
30,1,722435540954,724245981141,12,-9.41786,-126.449,4,8.681e+08,2,1,0,
30,2,722435540954,724245984484,12,-15.8544,-132.885,4,8.681e+08,2,1,0,
273,1,725164001694,725235938685,7,31.609,-85.4219,2,8.681e+08,2,1,0,
372,1,724669418673,725656560545,11,3.15764,-113.873,4,8.681e+08,2,1,0,
361,1,724645828643,724717765766,7,34.4395,-82.5914,2,8.681e+08,2,1,0,
121,3,724589558159,726399999190,12,-8.65684,-125.688,4,8.681e+08,2,1,0,
121,4,724589558159,726399998783,12,-4.42159,-121.452,4,8.681e+08,2,1,0,
178,1,722988474011,723122109720,8,14.0713,-102.96,2,8.681e+08,2,1,0,
78,1,721251736633,721385372404,8,7.57475,-109.456,2,8.681e+08,2,1,0,
56,1,731537193227,731609130149,7,42.8487,-74.1822,2,8.681e+08,2,1,0,
319,1,725956363491,727766802779,12,-8.33903,-125.37,2,8.681e+08,2,1,0,
59,1,734951425528,735404038530,10,5.18911,-111.842,2,8.681e+08,2,1,0,
59,4,734951425528,735404044656,10,-5.72473,-122.756,2,8.681e+08,2,1,0,
79,1,736642414225,736714352836,7,22.5108,-94.5201,2,8.681e+08,2,1,0,
347,4,729789850813,731600294614,12,-15.1807,-132.212,4,8.681e+08,2,1,0,
249,1,735282252305,735415888311,8,5.73297,-111.298,4,8.681e+08,2,1,0,
229,1,735298999851,735370938701,7,13.8598,-103.171,4,8.681e+08,2,1,0,
229,2,735298999851,735370947963,7,-9.41943,-126.45,4,8.681e+08,2,1,0,
213,1,732950197769,734760638127,12,-7.71036,-124.741,4,8.681e+08,2,1,0,
76,2,738552874014,740363316241,12,-20.7519,-137.783,4,8.681e+08,2,1,0,
368,1,738279983542,738351920139,7,46.5041,-70.5268,4,8.681e+08,2,1,0,
216,1,735481935483,735934548467,10,-5.85574,-122.887,2,8.681e+08,2,1,0,
216,4,735481935483,735934557634,10,-14.7866,-131.817,2,8.681e+08,2,1,0,
303,1,736401930286,736473868154,7,23.3881,-93.6427,2,8.681e+08,2,1,0,
280,1,739385699032,739457636677,7,28.1797,-88.8512,4,8.681e+08,2,1,0,
18,1,742158425862,742405214472,9,4.04466,-112.986,2,8.681e+08,2,1,0,
308,1,740690664021,740762601815,7,24.6418,-92.3891,4,8.681e+08,2,1,0,
19,1,744994361130,745241149552,9,6.03549,-110.995,4,8.681e+08,2,1,0,
215,3,742803900080,744614344392,12,-21.4681,-138.499,4,8.681e+08,2,1,0,
313,1,743464891967,745275330393,12,-2.9826,-120.014,4,8.681e+08,2,1,0,
313,4,743464891967,745275337682,12,-13.4511,-130.482,4,8.681e+08,2,1,0,
356,1,745264668720,745717281780,10,-8.53129,-125.562,2,8.681e+08,2,1,0,
377,1,746870808245,747117596505,9,-0.317562,-117.348,4,8.681e+08,2,1,0,
377,2,746870808245,747117603352,9,-12.269,-129.3,4,8.681e+08,2,1,0,
276,1,745959244547,747769683396,12,-7.96703,-124.998,4,8.681e+08,2,1,0,
276,2,745959244547,747769685695,12,-12.5003,-129.531,4,8.681e+08,2,1,0,
52,3,748559321011,750369772744,12,-20.6511,-137.682,4,8.681e+08,2,1,0,
52,4,748559321011,750369765256,12,-17.046,-134.077,4,8.681e+08,2,1,0,
193,1,759405729965,761216168972,12,-2.83919,-119.87,2,8.681e+08,2,1,0,
193,2,759405729965,761216172139,12,-11.4479,-128.479,2,8.681e+08,2,1,0,
104,1,750877288418,752687727934,12,-3.10524,-120.136,4,8.681e+08,2,1,0,
104,2,750877288418,752687733794,12,-19.067,-136.098,4,8.681e+08,2,1,0,
328,2,750386488400,751373638779,11,-13.2643,-130.295,2,8.681e+08,2,1,0,
328,3,750386488400,751373633507,11,-14.3674,-131.398,2,8.681e+08,2,1,0,
328,4,750386488400,751373635650,11,-15.1274,-132.158,2,8.681e+08,2,1,0,
206,1,747544152543,749354590802,12,-0.668503,-117.699,2,8.681e+08,2,1,0,
206,2,747544152543,749354605026,12,-20.0384,-137.069,2,8.681e+08,2,1,0,
206,3,747544152543,749354604716,12,-21.4608,-138.492,2,8.681e+08,2,1,0,
90,1,748145334268,749132475882,11,-2.06462,-119.096,2,8.681e+08,2,1,0,
90,3,748145334268,749132480155,11,-12.0685,-129.099,2,8.681e+08,2,1,0,
90,4,748145334268,749132480833,11,-9.00968,-126.041,2,8.681e+08,2,1,0,
379,1,749817693513,749951329444,8,13.0921,-103.939,2,8.681e+08,2,1,0,
379,4,749817693513,749951340019,8,-11.838,-128.869,2,8.681e+08,2,1,0,
152,1,751230959486,752218101183,11,-2.50151,-119.532,2,8.681e+08,2,1,0,
329,1,751974890058,752108525808,8,11.6064,-105.424,2,8.681e+08,2,1,0,
14,1,760910166155,761897307961,11,-5.04507,-122.076,4,8.681e+08,2,1,0,
14,2,760910166155,761897315943,11,-17.8817,-134.913,4,8.681e+08,2,1,0,
43,1,752880000695,754690440408,12,-1.66701,-118.698,4,8.681e+08,2,1,0,
43,2,752880000695,754690439658,12,0.181246,-116.85,4,8.681e+08,2,1,0,
43,3,752880000695,754690445460,12,-17.1546,-134.186,4,8.681e+08,2,1,0,
38,1,757724687906,759535125971,12,-7.28663,-124.318,4,8.681e+08,2,1,0,
393,1,762390387025,764200827174,12,-12.1519,-129.183,4,8.681e+08,2,1,0,
393,2,762390387025,764200827325,12,-1.75832,-118.789,4,8.681e+08,2,1,0,
393,3,762390387025,764200828019,12,-6.63567,-123.667,4,8.681e+08,2,1,0,
355,1,756407459605,756479397005,7,17.7633,-99.2676,4,8.681e+08,2,1,0,
71,2,756304562937,758115010772,12,-17.9428,-134.974,4,8.681e+08,2,1,0,
71,3,756304562937,758115002589,12,-7.44306,-124.474,4,8.681e+08,2,1,0,
71,4,756304562937,758115004530,12,-13.4832,-130.514,4,8.681e+08,2,1,0,
87,1,760532990301,762343430141,12,-5.20851,-122.239,4,8.681e+08,2,1,0,
87,3,760532990301,762343433889,12,-12.4603,-129.491,4,8.681e+08,2,1,0,
87,4,760532990301,762343429309,12,-8.29692,-125.328,4,8.681e+08,2,1,0,
226,1,760564648331,761017261166,10,3.36985,-113.661,4,8.681e+08,2,1,0,
226,3,760564648331,761017266432,10,-7.74886,-124.78,4,8.681e+08,2,1,0,
70,1,763131060137,763377848749,9,2.76999,-114.261,2,8.681e+08,2,1,0,
70,3,763131060137,763377856082,9,-10.994,-128.025,2,8.681e+08,2,1,0,
156,2,782982031428,783969187481,11,-18.7776,-135.808,4,8.681e+08,2,1,0,
338,1,767585391201,769395830902,12,-3.30385,-120.335,2,8.681e+08,2,1,0,
338,2,767585391201,769395839297,12,-17.4226,-134.454,2,8.681e+08,2,1,0,
155,1,770756010096,771002798581,9,13.0232,-104.008,2,8.681e+08,2,1,0,
155,4,770756010096,771002804667,9,-9.37779,-126.409,2,8.681e+08,2,1,0,
198,1,764888319517,766698758338,12,-10.0995,-127.13,2,8.681e+08,2,1,0,
198,4,764888319517,766698767507,12,-18.9899,-136.021,2,8.681e+08,2,1,0,
93,1,775387152555,777197591795,12,-2.82267,-119.854,4,8.681e+08,2,1,0,
93,2,775387152555,777197595874,12,-14.3583,-131.389,4,8.681e+08,2,1,0,
93,3,775387152555,777197592252,12,-2.30869,-119.34,4,8.681e+08,2,1,0,
93,4,775387152555,777197598658,12,-13.8068,-130.838,4,8.681e+08,2,1,0,
172,1,790716233884,792526672810,12,-12.446,-129.477,4,8.681e+08,2,1,0,
172,2,790716233884,792526677666,12,-20.9664,-137.997,4,8.681e+08,2,1,0,
172,3,790716233884,792526684329,12,-17.9441,-134.975,4,8.681e+08,2,1,0,
335,1,770440732839,772251171601,12,-2.16777,-119.199,4,8.681e+08,2,1,0,
335,4,770440732839,772251181716,12,-16.9215,-133.952,4,8.681e+08,2,1,0,
137,1,773763136273,775573575425,12,-7.04816,-124.079,2,8.681e+08,2,1,0,
137,4,773763136273,775573576846,12,-6.63858,-123.669,2,8.681e+08,2,1,0,
325,1,772252000931,773239142768,11,0.880963,-116.15,4,8.681e+08,2,1,0,
325,4,772252000931,773239154863,11,-14.9485,-131.979,4,8.681e+08,2,1,0,
72,1,774241684797,774488473377,9,-1.22034,-118.251,4,8.681e+08,2,1,0,
344,1,780314682560,782125120947,12,0.449826,-116.581,4,8.681e+08,2,1,0,
344,2,780314682560,782125126561,12,-15.6437,-132.675,4,8.681e+08,2,1,0,
166,1,778350245826,779337387520,11,3.31859,-113.712,2,8.681e+08,2,1,0,
179,4,782510553627,783497699672,11,-14.2808,-131.312,4,8.681e+08,2,1,0,
307,1,777851656674,779662095265,12,-2.38085,-119.412,2,8.681e+08,2,1,0,
307,2,777851656674,779662103770,12,-19.8658,-136.897,2,8.681e+08,2,1,0,
307,3,777851656674,779662097504,12,-10.1256,-127.156,2,8.681e+08,2,1,0,
307,4,777851656674,779662099108,12,-8.63456,-125.665,2,8.681e+08,2,1,0,
77,1,782452458150,784262898411,12,-9.3182,-126.349,2,8.681e+08,2,1,0,
77,3,782452458150,784262910936,12,-20.8725,-137.903,2,8.681e+08,2,1,0,
77,4,782452458150,784262904000,12,-12.7692,-129.8,2,8.681e+08,2,1,0,
324,4,780630364663,782440810614,12,-13.0462,-130.077,4,8.681e+08,2,1,0,
124,2,782585699404,783572852968,11,-18.3753,-135.406,4,8.681e+08,2,1,0,
174,1,785204049256,787014488146,12,-7.83565,-124.867,2,8.681e+08,2,1,0,
174,3,785204049256,787014498548,12,-19.1251,-136.156,2,8.681e+08,2,1,0,
174,4,785204049256,787014491679,12,-11.5347,-128.566,2,8.681e+08,2,1,0,
158,1,796526807155,798337245892,12,0.345862,-116.685,4,8.681e+08,2,1,0,
279,1,789239840946,789311778716,7,26.9399,-90.091,2,8.681e+08,2,1,0,
107,1,786728421552,788538860513,12,-3.2303,-120.261,2,8.681e+08,2,1,0,
107,2,786728421552,788538861293,12,-5.26967,-122.301,2,8.681e+08,2,1,0,
107,3,786728421552,788538866711,12,-17.3432,-134.374,2,8.681e+08,2,1,0,
234,3,789093460555,790903903044,12,-9.33131,-126.362,2,8.681e+08,2,1,0,
234,4,789093460555,790903900881,12,-6.23385,-123.265,2,8.681e+08,2,1,0,
84,1,790326316196,790459952174,8,-4.60092,-121.632,2,8.681e+08,2,1,0,
118,1,799701606859,800154219986,10,7.47713,-109.554,2,8.681e+08,2,1,0,
212,1,794881338229,796691776497,12,-2.98731,-120.018,4,8.681e+08,2,1,0,
212,2,794881338229,796691778636,12,-9.89094,-126.922,4,8.681e+08,2,1,0,
212,3,794881338229,796691782935,12,-17.624,-134.655,4,8.681e+08,2,1,0,
392,1,793133888024,794944326180,12,-12.716,-129.747,2,8.681e+08,2,1,0,
392,2,793133888024,794944330317,12,-13.5049,-130.536,2,8.681e+08,2,1,0,
135,4,796190228883,798000668291,12,-14.2043,-131.235,4,8.681e+08,2,1,0,
113,1,801012807901,801999949354,11,2.00631,-115.025,4,8.681e+08,2,1,0,
113,2,801012807901,801999954341,11,-14.5263,-131.557,4,8.681e+08,2,1,0,
113,3,801012807901,801999954104,11,-8.37994,-125.411,4,8.681e+08,2,1,0,
98,1,795078941438,795531554670,10,2.56708,-114.464,2,8.681e+08,2,1,0,
252,1,801185197590,801318833500,8,2.78622,-114.245,4,8.681e+08,2,1,0,
252,2,801185197590,801318844060,8,-11.4784,-128.509,4,8.681e+08,2,1,0,
114,1,799234727202,799481515418,9,-0.561291,-117.592,4,8.681e+08,2,1,0,
114,4,799234727202,799481523278,9,-11.1415,-128.172,4,8.681e+08,2,1,0,
15,1,799684044005,801494482247,12,-8.72535,-125.756,2,8.681e+08,2,1,0,
15,2,799684044005,801494495836,12,-21.4103,-138.441,2,8.681e+08,2,1,0,
224,1,796719001354,796965789913,9,5.16044,-111.87,4,8.681e+08,2,1,0,
224,4,796719001354,796965797051,9,-13.6701,-130.701,4,8.681e+08,2,1,0,
235,1,809191136163,809263074271,7,18.7331,-98.2978,2,8.681e+08,2,1,0,
267,1,802747132632,804557572545,12,-3.05133,-120.082,4,8.681e+08,2,1,0,
267,2,802747132632,804557586950,12,-21.7696,-138.8,4,8.681e+08,2,1,0,
267,4,802747132632,804557579867,12,-17.4956,-134.527,4,8.681e+08,2,1,0,
148,1,803814216180,803886153108,7,32.4069,-84.624,2,8.681e+08,2,1,0,
291,1,809351971900,810339113215,11,5.267,-111.764,4,8.681e+08,2,1,0,
291,4,809351971900,810339118013,11,-16.5686,-133.6,4,8.681e+08,2,1,0,
297,1,802458189472,802704978010,9,13.016,-104.015,4,8.681e+08,2,1,0,
297,2,802458189472,802704983689,9,-9.56834,-126.599,4,8.681e+08,2,1,0,
298,1,808584602341,810395040529,12,-3.1583,-120.189,4,8.681e+08,2,1,0,
298,2,808584602341,810395043733,12,-9.75026,-126.781,4,8.681e+08,2,1,0,
310,1,806211855340,808022295441,12,-9.80163,-126.833,4,8.681e+08,2,1,0,
310,4,806211855340,808022307246,12,-20.3781,-137.409,4,8.681e+08,2,1,0,
12,1,811423327107,813233767038,12,-4.39484,-121.426,4,8.681e+08,2,1,0,
12,4,811423327107,813233777109,12,-18.301,-135.332,4,8.681e+08,2,1,0,
403,1,811878030959,811949968096,7,22.3881,-94.6428,2,8.681e+08,2,1,0,
154,1,824526413898,824773202311,9,-0.39048,-117.421,4,8.681e+08,2,1,0,
154,2,824526413898,824773208408,9,-7.6773,-124.708,4,8.681e+08,2,1,0,
287,1,818096436980,818168375733,7,11.6691,-105.362,4,8.681e+08,2,1,0,
164,1,812178360264,813165502256,11,1.81392,-115.217,4,8.681e+08,2,1,0,
164,3,812178360264,813165513066,11,-19.0693,-136.1,4,8.681e+08,2,1,0,
164,4,812178360264,813165507075,11,-7.27884,-124.31,4,8.681e+08,2,1,0,
181,1,814513897649,814966510389,10,4.91437,-112.117,2,8.681e+08,2,1,0,
181,3,814513897649,814966516716,10,-11.72,-128.751,2,8.681e+08,2,1,0,
181,4,814513897649,814966516268,10,-15.6563,-132.687,2,8.681e+08,2,1,0,
221,1,816796485459,817249098286,10,1.81628,-115.215,2,8.681e+08,2,1,0,
221,4,816796485459,817249108284,10,-16.8069,-133.838,2,8.681e+08,2,1,0,
5,1,813249952354,813496740524,9,10.4915,-106.539,2,8.681e+08,2,1,0,
5,3,813249952354,813496752619,9,-14.4108,-131.442,2,8.681e+08,2,1,0,
28,1,815627199097,815760834964,8,-1.99011,-119.021,4,8.681e+08,2,1,0,
304,1,814986418830,816796858994,12,-12.4586,-129.489,4,8.681e+08,2,1,0,
304,2,814986418830,816796868218,12,-18.1961,-135.227,4,8.681e+08,2,1,0,
304,3,814986418830,816796860072,12,-12.0158,-129.047,4,8.681e+08,2,1,0,
304,4,814986418830,816796858897,12,-12.8347,-129.866,4,8.681e+08,2,1,0,
62,1,823534073964,825344513758,12,-4.56472,-121.596,4,8.681e+08,2,1,0,
62,2,823534073964,825344513510,12,-2.97129,-120.002,4,8.681e+08,2,1,0,
296,1,818732263710,820542702959,12,-3.92196,-120.953,2,8.681e+08,2,1,0,
296,2,818732263710,820542706480,12,-8.0572,-125.088,2,8.681e+08,2,1,0,
296,3,818732263710,820542703643,12,-2.91072,-119.942,2,8.681e+08,2,1,0,
296,4,818732263710,820542710367,12,-18.5336,-135.564,2,8.681e+08,2,1,0,
35,1,829822311886,829894250696,7,13.8609,-103.17,4,8.681e+08,2,1,0,
333,1,822308560787,822761173697,10,4.42428,-112.607,4,8.681e+08,2,1,0,
375,2,820845520807,822655963863,12,-10.6604,-127.691,4,8.681e+08,2,1,0,
375,3,820845520807,822655960023,12,-8.40165,-125.433,4,8.681e+08,2,1,0,
300,1,824618876018,825606017595,11,0.810634,-116.22,4,8.681e+08,2,1,0,
300,4,824618876018,825606022335,11,-11.9677,-128.999,4,8.681e+08,2,1,0,
334,1,822956103490,823408716635,10,-6.06041,-123.091,2,8.681e+08,2,1,0,
58,1,828859766350,829846908347,11,-16.9786,-134.01,4,8.681e+08,2,1,0,
58,3,828859766350,829846916006,11,-15.167,-132.198,4,8.681e+08,2,1,0,
58,4,828859766350,829846911136,11,-4.82985,-121.861,4,8.681e+08,2,1,0,
25,1,826571440624,826705076425,8,12.8189,-104.212,2,8.681e+08,2,1,0,
21,1,827170805151,828981245588,12,-9.55485,-126.586,4,8.681e+08,2,1,0,
194,1,832216373398,834026813354,12,-4.66669,-121.698,4,8.681e+08,2,1,0,
314,1,831152117150,832139259017,11,-0.627078,-117.658,4,8.681e+08,2,1,0,
183,1,837129456774,838116598674,11,-3.95073,-120.982,2,8.681e+08,2,1,0,
183,2,837129456774,838116601770,11,-9.66616,-126.697,2,8.681e+08,2,1,0,
183,3,837129456774,838116604340,11,-9.06432,-126.095,2,8.681e+08,2,1,0,
146,2,832056190024,833866633133,12,-8.53846,-125.569,4,8.681e+08,2,1,0,
146,3,832056190024,833866640748,12,-20.0638,-137.095,4,8.681e+08,2,1,0,
127,1,830145455475,830279091290,8,8.75768,-108.273,4,8.681e+08,2,1,0,
127,2,830145455475,830279098350,8,-11.3534,-128.384,4,8.681e+08,2,1,0,
283,1,837472646524,837544584728,7,18.788,-98.2429,2,8.681e+08,2,1,0,
253,2,839851572581,841662018135,12,-14.374,-131.405,2,8.681e+08,2,1,0,
253,3,839851572581,841662012660,12,-5.05651,-122.087,2,8.681e+08,2,1,0,
211,1,833974777327,834046715038,7,17.6185,-99.4124,2,8.681e+08,2,1,0,
320,1,837864158702,837936097966,7,9.23745,-107.793,2,8.681e+08,2,1,0,
281,1,838513478034,838585416667,7,16.5854,-100.446,2,8.681e+08,2,1,0,
278,1,838335086651,840145525528,12,-2.7157,-119.747,4,8.681e+08,2,1,0,
294,1,843118745640,843190684110,7,14.4105,-102.62,4,8.681e+08,2,1,0,
8,1,846502827479,846955440480,10,3.41211,-113.619,2,8.681e+08,2,1,0,
261,1,843305496380,843377434406,7,13.5535,-103.477,2,8.681e+08,2,1,0,
305,1,852287381225,854097820863,12,-2.76903,-119.8,2,8.681e+08,2,1,0,
305,2,852287381225,854097820333,12,1.11557,-115.915,2,8.681e+08,2,1,0,
343,1,846145211048,847955649855,12,-1.25029,-118.281,2,8.681e+08,2,1,0,
343,3,846145211048,847955658777,12,-22.2605,-139.291,2,8.681e+08,2,1,0,
343,4,846145211048,847955652102,12,-11.3354,-128.366,2,8.681e+08,2,1,0,
352,4,840997254496,842807695851,12,-6.79269,-123.824,4,8.681e+08,2,1,0,
100,1,847719407558,847966195773,9,8.2035,-108.827,2,8.681e+08,2,1,0,
195,1,850567068606,852377507796,12,-8.03967,-125.071,2,8.681e+08,2,1,0,
27,1,855745708708,856198321551,10,6.82608,-110.205,4,8.681e+08,2,1,0,
27,2,855745708708,856198327767,10,-9.17355,-126.204,4,8.681e+08,2,1,0,
312,1,848076447146,849886886802,12,-15.351,-132.382,4,8.681e+08,2,1,0,
312,3,848076447146,849886897324,12,-18.6609,-135.692,4,8.681e+08,2,1,0,
116,1,850904085838,851891227822,11,2.25792,-114.773,2,8.681e+08,2,1,0,
116,2,850904085838,851891231569,11,-13.3129,-130.344,2,8.681e+08,2,1,0,
116,3,850904085838,851891237394,11,-14.7575,-131.788,2,8.681e+08,2,1,0,
97,2,856290562951,858101003493,12,-7.40299,-124.434,4,8.681e+08,2,1,0,
222,3,852035290530,853845731385,12,-6.17187,-123.203,4,8.681e+08,2,1,0,
222,4,852035290530,853845730696,12,-11.636,-128.667,4,8.681e+08,2,1,0,
99,1,852025227552,853012369195,11,-7.03024,-124.061,2,8.681e+08,2,1,0,
99,2,852025227552,853012373713,11,-15.3983,-132.429,2,8.681e+08,2,1,0,
99,3,852025227552,853012373764,11,-10.5194,-127.55,2,8.681e+08,2,1,0,
99,4,852025227552,853012379307,11,-17.8143,-134.845,2,8.681e+08,2,1,0,
286,3,857377946967,859188388835,12,-8.02187,-125.053,4,8.681e+08,2,1,0,
286,4,857377946967,859188387425,12,-4.37659,-121.407,4,8.681e+08,2,1,0,
24,2,860552484317,862362934854,12,-21.6091,-138.64,2,8.681e+08,2,1,0,
24,4,860552484317,862362924011,12,0.354771,-116.676,2,8.681e+08,2,1,0,
201,3,860123732599,861934173909,12,-6.03797,-123.069,2,8.681e+08,2,1,0,
122,1,860307584876,860379524301,7,6.46403,-110.567,2,8.681e+08,2,1,0,
141,1,859650265520,859722203786,7,3.80911,-113.222,2,8.681e+08,2,1,0,
54,1,863183019949,863635632728,10,2.8011,-114.23,2,8.681e+08,2,1,0,
54,2,863183019949,863635642226,10,-15.4872,-132.518,2,8.681e+08,2,1,0,
54,3,863183019949,863635638110,10,-6.7573,-123.788,2,8.681e+08,2,1,0,
54,4,863183019949,863635639680,10,-10.4938,-127.525,2,8.681e+08,2,1,0,
318,1,861162505011,862972943451,12,-4.45715,-121.488,2,8.681e+08,2,1,0,
385,1,862988967146,863235755627,9,-2.75678,-119.788,4,8.681e+08,2,1,0,
255,1,863422483558,863669271834,9,2.18532,-114.846,2,8.681e+08,2,1,0,
255,4,863422483558,863669280006,9,-11.8826,-128.914,2,8.681e+08,2,1,0,
197,1,866720028528,866791966217,7,25.4382,-91.5927,2,8.681e+08,2,1,0,
274,1,864581139067,864714775174,8,1.70281,-115.328,2,8.681e+08,2,1,0,
200,1,866494175119,868304613236,12,-1.66346,-118.694,4,8.681e+08,2,1,0,
200,2,866494175119,868304625657,12,-21.7987,-138.83,4,8.681e+08,2,1,0,
23,1,867095169340,867167108337,7,5.28527,-111.746,2,8.681e+08,2,1,0,
341,1,866346119437,867333261265,11,-2.22322,-119.254,4,8.681e+08,2,1,0,
341,2,866346119437,867333271739,11,-14.5216,-131.553,4,8.681e+08,2,1,0,
341,3,866346119437,867333265930,11,-6.6948,-123.726,4,8.681e+08,2,1,0,
341,4,866346119437,867333265114,11,-15.0754,-132.106,4,8.681e+08,2,1,0,
369,1,864707361483,864779300065,7,22.3375,-94.6934,4,8.681e+08,2,1,0,
20,1,865365118123,865611906432,9,-0.379085,-117.41,2,8.681e+08,2,1,0,
301,1,867271248324,867343187404,7,13.495,-103.536,2,8.681e+08,2,1,0,
236,1,870677889553,870749829153,7,6.97349,-110.057,4,8.681e+08,2,1,0,
149,1,869852192926,869924131524,7,4.97243,-112.058,4,8.681e+08,2,1,0,
330,2,877896473846,879706914971,12,-13.8031,-130.834,2,8.681e+08,2,1,0,
330,3,877896473846,879706915381,12,-9.85211,-126.883,2,8.681e+08,2,1,0,
345,2,869888137127,871698577721,12,-3.84501,-120.876,4,8.681e+08,2,1,0,
50,1,869580491677,871390930264,12,1.83226,-115.199,2,8.681e+08,2,1,0,
342,1,871422710534,871669498676,9,4.96315,-112.068,4,8.681e+08,2,1,0,
161,3,870367328961,872177767555,12,0.242914,-116.788,4,8.681e+08,2,1,0,
161,4,870367328961,872177774507,12,-10.7146,-127.745,4,8.681e+08,2,1,0,
299,1,871093382441,872080524282,11,0.320115,-116.711,4,8.681e+08,2,1,0,
299,3,871093382441,872080536463,11,-17.2222,-134.253,4,8.681e+08,2,1,0,
348,1,872347619563,872800232501,10,7.11983,-109.911,2,8.681e+08,2,1,0,
348,4,872347619563,872800240157,10,-12.9531,-129.984,2,8.681e+08,2,1,0,
134,1,878044351664,879854791607,12,-6.41458,-123.445,2,8.681e+08,2,1,0,
134,4,878044351664,879854790605,12,-1.87459,-118.905,2,8.681e+08,2,1,0,
39,1,878366950848,878438889902,7,13.9473,-103.084,4,8.681e+08,2,1,0,
45,3,872396202501,872848828497,10,-16.8808,-133.912,2,8.681e+08,2,1,0,
386,1,873858085191,873930023158,7,16.6972,-100.334,4,8.681e+08,2,1,0,
316,3,886205651837,888016096572,12,-13.4971,-130.528,4,8.681e+08,2,1,0,
316,4,886205651837,888016090438,12,1.24345,-115.787,4,8.681e+08,2,1,0,
389,1,887429620983,889240060244,12,-3.47874,-120.51,2,8.681e+08,2,1,0,
388,1,880742365726,880876001636,8,-0.493909,-117.525,2,8.681e+08,2,1,0,
388,4,880742365726,880876008711,8,-10.7218,-127.753,2,8.681e+08,2,1,0,
364,1,897077484027,898887922922,12,-11.5869,-128.618,4,8.681e+08,2,1,0,
364,3,897077484027,898887928062,12,-21.2838,-138.315,4,8.681e+08,2,1,0,
364,4,897077484027,898887923870,12,-14.2148,-131.246,4,8.681e+08,2,1,0,
133,1,886073181551,887883621612,12,-5.17723,-122.208,2,8.681e+08,2,1,0,
133,2,886073181551,887883621726,12,-4.90479,-121.936,2,8.681e+08,2,1,0,
401,1,890945513453,891398126516,10,-0.402992,-117.434,4,8.681e+08,2,1,0,
401,4,890945513453,891398133701,10,-15.3601,-132.391,4,8.681e+08,2,1,0,
331,1,888603420246,888850208466,9,10.455,-106.576,4,8.681e+08,2,1,0,
270,1,890271873525,892082313884,12,-12.4083,-129.439,2,8.681e+08,2,1,0,
270,4,890271873525,892082312635,12,-1.16213,-118.193,2,8.681e+08,2,1,0,
378,1,895537799250,897348239336,12,-4.65877,-121.69,4,8.681e+08,2,1,0,
378,3,895537799250,897348252802,12,-22.3982,-139.429,4,8.681e+08,2,1,0,
402,1,892845546657,892979182392,8,4.37423,-112.657,4,8.681e+08,2,1,0,
254,1,893145053111,894955492268,12,-11.1072,-128.138,2,8.681e+08,2,1,0,
254,2,893145053111,894955494327,12,-16.5292,-133.56,2,8.681e+08,2,1,0,
254,3,893145053111,894955501455,12,-22.181,-139.212,2,8.681e+08,2,1,0,
251,1,901533054858,901604992741,7,18.6281,-98.4028,2,8.681e+08,2,1,0,
188,1,904329941855,905317083702,11,-16.4213,-133.452,4,8.681e+08,2,1,0,
95,1,908956173692,909089809373,8,9.22648,-107.804,2,8.681e+08,2,1,0,
260,1,902993587559,903446200625,10,-3.93557,-120.966,2,8.681e+08,2,1,0,
260,2,902993587559,903446208513,10,-11.9962,-129.027,2,8.681e+08,2,1,0,
123,1,902479185359,904289624875,12,-8.482,-125.513,2,8.681e+08,2,1,0,
123,4,902479185359,904289628204,12,-10.8399,-127.871,2,8.681e+08,2,1,0,
321,1,899303912580,899756525267,10,5.62594,-111.405,2,8.681e+08,2,1,0,
321,2,899303912580,899756531159,10,-13.8753,-130.906,2,8.681e+08,2,1,0,
321,3,899303912580,899756531789,10,-12.3758,-129.407,2,8.681e+08,2,1,0,
230,1,903111397644,904921836353,12,-8.52113,-125.552,2,8.681e+08,2,1,0,
230,2,903111397644,904921837662,12,-1.63764,-118.669,2,8.681e+08,2,1,0,
230,3,903111397644,904921842982,12,-18.4978,-135.529,2,8.681e+08,2,1,0,
269,1,903351963055,903485598676,8,6.45493,-110.576,4,8.681e+08,2,1,0,
358,1,909176884049,909248823365,7,15.1521,-101.879,4,8.681e+08,2,1,0,
336,1,906314248059,908124687088,12,-12.5708,-129.602,2,8.681e+08,2,1,0,
336,2,906314248059,908124696651,12,-17.1205,-134.151,2,8.681e+08,2,1,0,
336,4,906314248059,908124700986,12,-18.1892,-135.22,2,8.681e+08,2,1,0,
139,1,903608311506,903855099669,9,4.00508,-113.026,4,8.681e+08,2,1,0,
139,2,903608311506,903855106933,9,-13.2437,-130.275,4,8.681e+08,2,1,0,
353,1,911862800761,913673239893,12,-1.64541,-118.676,4,8.681e+08,2,1,0,
353,2,911862800761,913673240344,12,-7.77405,-124.805,4,8.681e+08,2,1,0,
353,3,911862800761,913673244929,12,-9.84993,-126.881,4,8.681e+08,2,1,0,
48,1,910035870412,910169506332,8,6.78813,-110.243,2,8.681e+08,2,1,0,
48,3,910035870412,910169515818,8,-11.6896,-128.721,2,8.681e+08,2,1,0,
332,2,915507787453,917318234810,12,-17.2659,-134.297,4,8.681e+08,2,1,0,
248,1,911721621928,911793559104,7,31.0939,-85.937,2,8.681e+08,2,1,0,
240,1,914316148650,916126587888,12,-8.11749,-125.148,4,8.681e+08,2,1,0,
240,3,914316148650,916126598878,12,-18.6246,-135.655,4,8.681e+08,2,1,0,
240,4,914316148650,916126591817,12,-14.2183,-131.249,4,8.681e+08,2,1,0,
285,1,915495481059,916482622833,11,-1.05436,-118.085,2,8.681e+08,2,1,0,
81,1,916282561502,917269703378,11,2.57219,-114.459,4,8.681e+08,2,1,0,
81,4,916282561502,917269708612,11,-12.3854,-129.416,4,8.681e+08,2,1,0,
196,1,916500526115,918310964681,12,-3.36967,-120.401,2,8.681e+08,2,1,0,
196,4,916500526115,918310972617,12,-16.2515,-133.282,2,8.681e+08,2,1,0,
49,1,918305696204,919292838192,11,5.11465,-111.916,2,8.681e+08,2,1,0,
49,2,918305696204,919292841046,11,-7.76749,-124.798,2,8.681e+08,2,1,0,
49,3,918305696204,919292843953,11,-13.4243,-130.455,2,8.681e+08,2,1,0,
75,1,924212124840,924284063395,7,13.5985,-103.432,4,8.681e+08,2,1,0,
246,1,916383509377,916630297573,9,8.45831,-108.573,2,8.681e+08,2,1,0,
33,2,929037044672,930847485167,12,-8.9739,-126.005,2,8.681e+08,2,1,0,
33,3,929037044672,930847488120,12,-11.3735,-128.404,2,8.681e+08,2,1,0,
362,4,918066634340,919053780393,11,-17.5428,-134.574,4,8.681e+08,2,1,0,
365,1,921531259482,923341699710,12,-7.81809,-124.849,4,8.681e+08,2,1,0,
365,2,921531259482,923341697929,12,-3.89866,-120.93,4,8.681e+08,2,1,0,
365,3,921531259482,923341704258,12,-17.5486,-134.58,4,8.681e+08,2,1,0,
404,1,923907246928,925717687243,12,-3.91141,-120.942,2,8.681e+08,2,1,0,
404,3,923907246928,925717693154,12,-20.8742,-137.905,2,8.681e+08,2,1,0,
404,4,923907246928,925717685593,12,-10.3747,-127.406,2,8.681e+08,2,1,0,
142,1,920126831724,920579444452,10,6.5626,-110.468,4,8.681e+08,2,1,0,
142,3,920126831724,920579449683,10,-12.5294,-129.56,4,8.681e+08,2,1,0,
142,4,920126831724,920579452427,10,-12.7989,-129.83,4,8.681e+08,2,1,0,
262,1,923383769641,923836382906,10,-11.0352,-128.066,4,8.681e+08,2,1,0,
262,2,923383769641,923836389366,10,-10.9461,-127.977,4,8.681e+08,2,1,0,
80,1,929799137488,931609576022,12,2.02884,-115.002,2,8.681e+08,2,1,0,
51,1,929326869440,929398808030,7,16.6622,-100.369,2,8.681e+08,2,1,0,
265,1,933123602283,933257238285,8,7.05357,-109.977,4,8.681e+08,2,1,0,
349,1,927736520583,929546959540,12,-4.85785,-121.889,4,8.681e+08,2,1,0,
349,4,927736520583,929546961172,12,-5.5064,-122.537,4,8.681e+08,2,1,0,
157,1,926877691967,926949630187,7,13.2155,-103.815,4,8.681e+08,2,1,0,
115,1,930920655968,930992593300,7,30.299,-86.7319,2,8.681e+08,2,1,0,
132,1,932602857999,933589999476,11,4.95652,-112.074,2,8.681e+08,2,1,0,
132,2,932602857999,933590009553,11,-17.0857,-134.117,2,8.681e+08,2,1,0,
132,3,932602857999,933590004219,11,-9.03616,-126.067,2,8.681e+08,2,1,0,
132,4,932602857999,933590004385,11,-17.1344,-134.165,2,8.681e+08,2,1,0,
110,3,930654391389,932464832202,12,-12.5567,-129.588,2,8.681e+08,2,1,0,
110,4,930654391389,932464831930,12,-4.59898,-121.63,2,8.681e+08,2,1,0,
68,1,932959655853,934770094730,12,-1.03267,-118.064,2,8.681e+08,2,1,0,
68,2,932959655853,934770096898,12,-16.5216,-133.553,2,8.681e+08,2,1,0,
85,1,936216568037,936350203730,8,7.22175,-109.809,2,8.681e+08,2,1,0,
85,2,936216568037,936350211154,8,-10.8445,-127.875,2,8.681e+08,2,1,0,
275,4,934050253407,935860696993,12,-9.99788,-127.029,2,8.681e+08,2,1,0,
326,1,938297108804,940107548075,12,-0.794097,-117.825,4,8.681e+08,2,1,0,
326,2,938297108804,940107555695,12,-17.7485,-134.779,4,8.681e+08,2,1,0,
366,1,938310411472,938763024301,10,-6.51057,-123.541,4,8.681e+08,2,1,0,
366,3,938310411472,938763038535,10,-13.0489,-130.08,4,8.681e+08,2,1,0,
120,1,934579844790,936390283247,12,-1.2173,-118.248,2,8.681e+08,2,1,0,
120,2,934579844790,936390285042,12,-11.4176,-128.448,2,8.681e+08,2,1,0,
163,1,936601478041,936673414988,7,34.4817,-82.5492,2,8.681e+08,2,1,0,
219,3,935316034841,937126476878,12,-6.68696,-123.718,2,8.681e+08,2,1,0,
396,4,937024228652,938834670600,12,-21.2132,-138.244,2,8.681e+08,2,1,0,
89,1,943938893839,944926035332,11,1.62665,-115.404,4,8.681e+08,2,1,0,
40,4,942801309345,943788463153,11,-18.0363,-135.067,4,8.681e+08,2,1,0,
150,2,946409852946,948220293137,12,-5.40163,-122.433,2,8.681e+08,2,1,0,
258,1,943134973061,944122114696,11,1.38707,-115.644,2,8.681e+08,2,1,0,
258,2,943134973061,944122118110,11,-3.01705,-120.048,2,8.681e+08,2,1,0,
258,3,943134973061,944122121632,11,-10.9131,-127.944,2,8.681e+08,2,1,0,
302,3,945210406232,947020848753,12,-14.0091,-131.04,4,8.681e+08,2,1,0,
302,4,945210406232,947020847306,12,-8.29002,-125.321,4,8.681e+08,2,1,0,
241,1,946567296108,948377734874,12,-3.03005,-120.061,2,8.681e+08,2,1,0,
55,1,944794778227,945041566724,9,10.9189,-106.112,2,8.681e+08,2,1,0,
55,2,944794778227,945041574855,9,-13.1209,-130.152,2,8.681e+08,2,1,0,
382,1,945953397527,946940539558,11,-8.63361,-125.665,4,8.681e+08,2,1,0,
382,2,945953397527,946940543008,11,-11.1387,-128.17,4,8.681e+08,2,1,0,
382,4,945953397527,946940553394,11,-17.5127,-134.544,4,8.681e+08,2,1,0,
91,1,945154912917,945288548944,8,10.7112,-106.32,2,8.681e+08,2,1,0,
340,1,958300970710,958372909241,7,8.39737,-108.634,4,8.681e+08,2,1,0,
32,1,962562957288,964373395332,12,-7.34935,-124.38,2,8.681e+08,2,1,0,
32,2,962562957288,964373400843,12,-8.45741,-125.488,2,8.681e+08,2,1,0,
32,3,962562957288,964373398135,12,-8.48658,-125.517,2,8.681e+08,2,1,0,
32,4,962562957288,964373403310,12,-19.7149,-136.746,2,8.681e+08,2,1,0,
138,1,968949881313,969402494331,10,-9.84615,-126.877,4,8.681e+08,2,1,0,
138,3,968949881313,969402498971,10,-5.94536,-122.976,4,8.681e+08,2,1,0,
143,1,950384511054,952194949421,12,-4.69884,-121.73,4,8.681e+08,2,1,0,
143,4,950384511054,952194953966,12,-12.7212,-129.752,4,8.681e+08,2,1,0,
395,1,949805781180,950258393862,10,2.81916,-114.212,2,8.681e+08,2,1,0,
309,1,957424060987,957670849541,9,5.85017,-111.181,2,8.681e+08,2,1,0,
309,2,957424060987,957670855765,9,-12.0235,-129.054,2,8.681e+08,2,1,0,
323,1,954669898397,956480338540,12,-2.66408,-119.695,2,8.681e+08,2,1,0,
323,2,954669898397,956480341798,12,-13.3828,-130.414,2,8.681e+08,2,1,0,
323,3,954669898397,956480337170,12,-4.81118,-121.842,2,8.681e+08,2,1,0,
323,4,954669898397,956480344452,12,-20.5941,-137.625,2,8.681e+08,2,1,0,
284,1,959182818548,960169960364,11,-8.04841,-125.079,4,8.681e+08,2,1,0,
257,1,959017425989,960827866130,12,-2.62998,-119.661,2,8.681e+08,2,1,0,
257,3,959017425989,960827873662,12,-20.5352,-137.566,2,8.681e+08,2,1,0,
257,4,959017425989,960827865675,12,-13.0863,-130.117,2,8.681e+08,2,1,0,
371,1,974997334806,975449947662,10,5.2719,-111.759,2,8.681e+08,2,1,0,
371,3,974997334806,975449955455,10,-16.7993,-133.83,2,8.681e+08,2,1,0,
112,1,971850580784,972837722758,11,-4.019,-121.05,2,8.681e+08,2,1,0,
112,3,971850580784,972837731408,11,-16.3363,-133.367,2,8.681e+08,2,1,0,
112,4,971850580784,972837725952,11,-12.9803,-130.011,2,8.681e+08,2,1,0,
173,2,971644930696,973455371163,12,-14.0496,-131.081,2,8.681e+08,2,1,0,
322,1,960035122691,960281910990,9,2.69881,-114.332,4,8.681e+08,2,1,0,
322,2,960035122691,960281922261,9,-14.4417,-131.473,4,8.681e+08,2,1,0,
322,3,960035122691,960281918054,9,-12.5883,-129.619,4,8.681e+08,2,1,0,
205,2,968939565704,970750017869,12,-19.588,-136.619,2,8.681e+08,2,1,0,
205,4,968939565704,970750014165,12,-20.824,-137.855,2,8.681e+08,2,1,0,
74,1,966105425085,967092566661,11,3.72487,-113.306,2,8.681e+08,2,1,0,
83,1,970590001578,972400441368,12,-1.50719,-118.538,2,8.681e+08,2,1,0,
105,1,971022450051,972009591883,11,-3.41253,-120.443,4,8.681e+08,2,1,0,
105,4,971022450051,972009597891,11,-13.67,-130.701,4,8.681e+08,2,1,0,
381,1,974425151283,974671939507,9,3.17094,-113.86,2,8.681e+08,2,1,0,
210,1,974658261242,974730200088,7,11.9271,-105.104,4,8.681e+08,2,1,0,
187,1,972405678299,972539314016,8,0.351785,-116.679,2,8.681e+08,2,1,0,
67,1,979995890884,980067828661,7,26.3986,-90.6323,2,8.681e+08,2,1,0,
7,1,973142968056,974953408288,12,-2.95086,-119.982,4,8.681e+08,2,1,0,
7,3,973142968056,974953411564,12,-9.07591,-126.107,4,8.681e+08,2,1,0,
7,4,973142968056,974953406705,12,-0.603578,-117.634,4,8.681e+08,2,1,0,
311,1,973134997620,973268633294,8,10.158,-106.873,2,8.681e+08,2,1,0,
199,1,989281915950,989353855011,7,7.94015,-109.091,4,8.681e+08,2,1,0,
44,1,975573808271,975645746696,7,21.8418,-95.1891,2,8.681e+08,2,1,0,
288,1,978943149024,980753587969,12,-7.60641,-124.637,4,8.681e+08,2,1,0,
288,2,978943149024,980753589263,12,-7.1241,-124.155,4,8.681e+08,2,1,0,
288,3,978943149024,980753595690,12,-15.4581,-132.489,4,8.681e+08,2,1,0,
69,2,992621878634,994432320587,12,-8.21472,-125.246,2,8.681e+08,2,1,0,
218,1,983149094864,983221033761,7,16.7217,-100.309,2,8.681e+08,2,1,0,
259,1,984319427372,984566215502,9,10.8075,-106.223,4,8.681e+08,2,1,0,
259,3,984319427372,984566223763,9,-14.007,-131.038,4,8.681e+08,2,1,0,
259,4,984319427372,984566222014,9,-9.70328,-126.734,4,8.681e+08,2,1,0,
354,1,981833044556,983643484577,12,-13.3907,-130.422,2,8.681e+08,2,1,0,
354,3,981833044556,983643487613,12,-9.08089,-126.112,2,8.681e+08,2,1,0,
354,4,981833044556,983643483585,12,-7.00422,-124.035,2,8.681e+08,2,1,0,
290,1,983845410692,984832552111,11,1.37628,-115.655,4,8.681e+08,2,1,0,
243,3,989723563227,991534007366,12,-17.075,-134.106,4,8.681e+08,2,1,0,
243,4,989723563227,991534002154,12,-14.5422,-131.573,4,8.681e+08,2,1,0,
162,1,987220342509,989030780610,12,-0.54504,-117.576,4,8.681e+08,2,1,0,
162,4,987220342509,989030783227,12,-8.80719,-125.838,4,8.681e+08,2,1,0,
145,1,985230684124,985302622987,7,5.68227,-111.349,4,8.681e+08,2,1,0,
202,1,989226868385,991037308135,12,-6.1102,-123.141,2,8.681e+08,2,1,0,
126,1,993433653674,993886266613,10,0.956177,-116.075,2,8.681e+08,2,1,0,
126,3,993433653674,993886273346,10,-8.36288,-125.394,2,8.681e+08,2,1,0,
370,1,992618768277,992690705301,7,25.1959,-91.835,4,8.681e+08,2,1,0,
13,1,991359725390,993170164327,12,-4.48551,-121.516,4,8.681e+08,2,1,0,
13,3,991359725390,993170178163,12,-19.9573,-136.988,4,8.681e+08,2,1,0,
397,1,997596395495,999406834165,12,-0.970191,-118.001,2,8.681e+08,2,1,0,
129,2,997704548622,999514989698,12,-7.81447,-124.845,2,8.681e+08,2,1,0,
129,3,997704548622,999514989174,12,-10.4286,-127.459,2,8.681e+08,2,1,0,
168,1,994047665075,995858104430,12,-1.60817,-118.639,4,8.681e+08,2,1,0,
168,3,994047665075,995858112415,12,-17.9851,-135.016,4,8.681e+08,2,1,0,
168,4,994047665075,995858105308,12,-6.23571,-123.267,4,8.681e+08,2,1,0,
42,4,996692897452,998503337550,12,-4.76042,-121.791,4,8.681e+08,2,1,0,
374,2,1002589195217,1004399636470,12,-6.91902,-123.95,4,8.681e+08,2,1,0,
374,3,1002589195217,1004399643590,12,-19.5257,-136.557,4,8.681e+08,2,1,0,
147,1,998199045142,998270983753,7,18.7699,-98.261,4,8.681e+08,2,1,0,
207,1,1000213148343,1000285087880,7,3.12612,-113.905,2,8.681e+08,2,1,0,
140,1,1000406227839,1000653016354,9,10.9432,-106.088,4,8.681e+08,2,1,0,
140,4,1000406227839,1000653023052,9,-10.5862,-127.617,4,8.681e+08,2,1,0,
245,1,1002108476869,1003918917027,12,-2.25388,-119.285,4,8.681e+08,2,1,0,
169,1,1000063948616,1001874387366,12,1.07287,-115.958,2,8.681e+08,2,1,0,
169,3,1000063948616,1001874397741,12,-20.4734,-137.504,2,8.681e+08,2,1,0,
391,1,1006406493395,1008216933813,12,-5.23304,-122.264,4,8.681e+08,2,1,0,
29,1,1011067256243,1011314044712,9,6.40586,-110.625,4,8.681e+08,2,1,0,
102,1,1002318749829,1003305891764,11,0.796254,-116.235,2,8.681e+08,2,1,0,
102,3,1002318749829,1003305894600,11,-6.04493,-123.076,2,8.681e+08,2,1,0,
102,4,1002318749829,1003305898151,11,-10.068,-127.099,2,8.681e+08,2,1,0,
376,1,1006776765410,1006848702820,7,19.4049,-97.626,4,8.681e+08,2,1,0,
36,1,1007571303988,1008558445913,11,3.86184,-113.169,4,8.681e+08,2,1,0,
9,1,1003485883634,1003557820969,7,33.0316,-83.9993,4,8.681e+08,2,1,0,
136,1,1005011561746,1005464175044,10,1.1804,-115.851,2,8.681e+08,2,1,0,
136,2,1005011561746,1005464181389,10,-14.3813,-131.412,2,8.681e+08,2,1,0,
238,2,1006257372206,1008067812363,12,-1.59933,-118.63,4,8.681e+08,2,1,0,
238,3,1006257372206,1008067813678,12,-18.1975,-135.228,4,8.681e+08,2,1,0,
34,3,1007896932811,1009707380084,12,-22.4492,-139.48,4,8.681e+08,2,1,0,
34,4,1007896932811,1009707372547,12,-5.66164,-122.693,4,8.681e+08,2,1,0,
63,2,1009356017119,1011166468716,12,-20.8833,-137.914,4,8.681e+08,2,1,0,
192,1,1009930573810,1010917715651,11,-16.1361,-133.167,2,8.681e+08,2,1,0,
180,1,1012559179173,1012805967409,9,0.412392,-116.619,2,8.681e+08,2,1,0,
209,1,1009056836554,1009509449413,10,3.09673,-113.934,2,8.681e+08,2,1,0,
57,1,1012926437475,1013379050403,10,0.694497,-116.336,2,8.681e+08,2,1,0,
57,3,1012926437475,1013379055409,10,-8.42572,-125.457,2,8.681e+08,2,1,0,
170,2,1016658212912,1018468657932,12,-17.8543,-134.885,2,8.681e+08,2,1,0,
170,3,1016658212912,1018468664846,12,-20.5945,-137.625,2,8.681e+08,2,1,0,
346,1,1017689287551,1019499726175,12,-0.829786,-117.861,4,8.681e+08,2,1,0,
346,4,1017689287551,1019499730449,12,-10.2901,-127.321,4,8.681e+08,2,1,0,
117,1,1016973904402,1017045843213,7,14.4714,-102.56,2,8.681e+08,2,1,0,
264,1,1018317023816,1018563812299,9,2.68824,-114.343,4,8.681e+08,2,1,0,
189,1,1014011239529,1014998381284,11,4.22279,-112.808,2,8.681e+08,2,1,0,
189,4,1014011239529,1014998391070,11,-14.1371,-131.168,2,8.681e+08,2,1,0,
159,1,1015474375733,1015546313098,7,20.7824,-96.2485,4,8.681e+08,2,1,0,
82,2,1021726045506,1023536495029,12,-18.4089,-135.44,4,8.681e+08,2,1,0,
82,3,1021726045506,1023536487248,12,-12.305,-129.336,4,8.681e+08,2,1,0,
82,4,1021726045506,1023536485522,12,-5.68821,-122.719,4,8.681e+08,2,1,0,
16,1,1019196257338,1021006697567,12,-5.1618,-122.193,4,8.681e+08,2,1,0,
16,2,1019196257338,1021006695786,12,-7.77278,-124.804,4,8.681e+08,2,1,0,
16,3,1019196257338,1021006702203,12,-19.1289,-136.16,4,8.681e+08,2,1,0,
227,1,1022853170138,1023305783446,10,0.811144,-116.22,4,8.681e+08,2,1,0,
227,2,1022853170138,1023305787729,10,-8.1757,-125.207,4,8.681e+08,2,1,0,
103,1,1026381774686,1027368916638,11,-1.90789,-118.939,4,8.681e+08,2,1,0,
103,4,1026381774686,1027368921068,11,-7.89726,-124.928,4,8.681e+08,2,1,0,
306,1,1019044831293,1019178467204,8,3.85262,-113.178,2,8.681e+08,2,1,0,
186,1,1030481978455,1030553917433,7,10.9234,-106.107,2,8.681e+08,2,1,0,
94,1,1020464073647,1020536012976,7,14.0775,-102.953,2,8.681e+08,2,1,0,
153,1,1020649845799,1022460284653,12,-6.24438,-123.275,4,8.681e+08,2,1,0,
10,1,1025413654848,1026400796611,11,-9.23534,-126.266,4,8.681e+08,2,1,0,
10,2,1025413654848,1026400804917,11,-19.0316,-136.063,4,8.681e+08,2,1,0,
10,3,1025413654848,1026400799985,11,-3.10216,-120.133,4,8.681e+08,2,1,0,
10,4,1025413654848,1026400802428,11,-17.3996,-134.43,4,8.681e+08,2,1,0,
131,1,1025774238473,1027584677339,12,-3.19187,-120.223,4,8.681e+08,2,1,0,
131,2,1025774238473,1027584679908,12,-8.78863,-125.82,4,8.681e+08,2,1,0,
131,3,1025774238473,1027584679798,12,-9.3011,-126.332,4,8.681e+08,2,1,0,
119,1,1028748895754,1030559335158,12,-8.53678,-125.568,2,8.681e+08,2,1,0,
119,2,1028748895754,1030559340376,12,-17.4597,-134.491,2,8.681e+08,2,1,0,
282,1,1035842894114,1037653332696,12,-6.74727,-123.778,4,8.681e+08,2,1,0,
282,2,1035842894114,1037653346611,12,-22.1558,-139.187,4,8.681e+08,2,1,0,
282,4,1035842894114,1037653335392,12,-4.25737,-121.288,4,8.681e+08,2,1,0,
327,1,1032781881685,1033028670076,9,8.07439,-108.957,2,8.681e+08,2,1,0,
171,1,1029938928165,1030010867747,7,14.5232,-102.508,4,8.681e+08,2,1,0,
31,1,1037203007587,1037655620585,10,4.44982,-112.581,2,8.681e+08,2,1,0,
31,4,1037203007587,1037655628766,10,-14.4899,-131.521,2,8.681e+08,2,1,0,
160,1,1040625775850,1040872564038,9,10.8688,-106.162,2,8.681e+08,2,1,0,
160,3,1040625775850,1040872573343,9,-11.8799,-128.911,2,8.681e+08,2,1,0,
359,1,1031490162283,1031942775320,10,-10.2013,-127.232,4,8.681e+08,2,1,0,
359,2,1031490162283,1031942781238,10,-7.96195,-124.993,4,8.681e+08,2,1,0,
359,3,1031490162283,1031942780600,10,-13.355,-130.386,4,8.681e+08,2,1,0,
359,4,1031490162283,1031942785354,10,-14.772,-131.803,4,8.681e+08,2,1,0,
380,1,1033576019859,1033709655953,8,8.17057,-108.86,4,8.681e+08,2,1,0,
380,4,1033576019859,1033709662527,8,-5.61875,-122.65,4,8.681e+08,2,1,0,
11,1,1032091167987,1032163105299,7,35.1877,-81.8432,2,8.681e+08,2,1,0,
214,1,1040011906019,1040145541762,8,14.0768,-102.954,4,8.681e+08,2,1,0,
93,1,1495387152555,1497197591795,12,-4.90354,-121.934,4,8.685e+08,4,1,0,
93,2,1495387152555,1497197595874,12,-20.6315,-137.662,4,8.685e+08,4,1,0,
93,3,1495387152555,1497197592252,12,-5.20501,-122.236,4,8.685e+08,4,1,0,
266,1,1038139554889,1039949994884,12,-9.93576,-126.967,4,8.681e+08,2,1,0,
233,2,1039784708823,1041595149535,12,-17.8467,-134.878,2,8.681e+08,2,1,0,
47,1,1040804765450,1040876703336,7,28.7464,-88.2845,4,8.681e+08,2,1,0,
239,1,1042373946228,1044184385931,12,-5.05732,-122.088,2,8.681e+08,2,1,0,
239,3,1042373946228,1044184390201,12,-21.8653,-138.896,2,8.681e+08,2,1,0,
239,4,1042373946228,1044184385274,12,-4.20253,-121.233,2,8.681e+08,2,1,0,
383,1,1042829979618,1043817121569,11,-7.177,-124.208,4,8.681e+08,2,1,0,
383,3,1042829979618,1043817126265,11,-14.9103,-131.941,4,8.681e+08,2,1,0,
383,4,1042829979618,1043817132215,11,-17.1164,-134.147,4,8.681e+08,2,1,0,
22,2,1040996767619,1042807211072,12,-18.4664,-135.497,2,8.681e+08,2,1,0,
111,2,1047753431996,1049563884204,12,-21.9232,-138.954,4,8.681e+08,2,1,0,
293,4,1047661917786,1049472365389,12,-15.8285,-132.859,4,8.681e+08,2,1,0,
130,1,1049401117767,1051211555870,12,-3.83387,-120.865,4,8.681e+08,2,1,0,
130,3,1049401117767,1051211559787,12,-5.92104,-122.952,4,8.681e+08,2,1,0,
130,4,1049401117767,1051211559499,12,-13.9076,-130.939,4,8.681e+08,2,1,0,
351,1,1044646191775,1046456631361,12,0.597631,-116.433,2,8.681e+08,2,1,0,
351,3,1044646191775,1046456645353,12,-21.8349,-138.866,2,8.681e+08,2,1,0,
109,2,1050175108611,1051985547985,12,-8.04382,-125.075,4,8.681e+08,2,1,0,
86,1,1053222888529,1053294827721,7,-2.4276,-119.459,4,8.681e+08,2,1,0,
400,1,1054144006926,1054215946100,7,8.18567,-108.845,4,8.681e+08,2,1,0,
37,1,1050547174270,1050999787332,10,2.77212,-114.259,4,8.681e+08,2,1,0,
37,3,1050547174270,1050999792124,10,-12.2344,-129.265,4,8.681e+08,2,1,0,
37,4,1050547174270,1050999793971,10,-14.5818,-131.613,4,8.681e+08,2,1,0,
387,1,1051292966043,1051539754444,9,3.27124,-113.76,2,8.681e+08,2,1,0,
228,1,1052732625038,1054543064897,12,-5.32082,-122.352,4,8.681e+08,2,1,0,
228,4,1052732625038,1054543070548,12,-15.2806,-132.312,4,8.681e+08,2,1,0,
191,3,1054301110789,1056111562971,12,-19.0266,-136.057,2,8.681e+08,2,1,0,
191,4,1054301110789,1056111557594,12,-19.7175,-136.748,2,8.681e+08,2,1,0,
242,1,1060830190725,1061076979182,9,5.80914,-111.222,2,8.681e+08,2,1,0,
242,2,1060830190725,1061076986806,9,-9.54794,-126.579,2,8.681e+08,2,1,0,
242,3,1060830190725,1061076985106,9,-13.2184,-130.249,2,8.681e+08,2,1,0,
242,4,1060830190725,1061076988762,9,-11.175,-128.206,2,8.681e+08,2,1,0,
237,1,1066069545900,1067879985049,12,-1.39077,-118.422,2,8.681e+08,2,1,0,
237,4,1066069545900,1067879994036,12,-18.1163,-135.147,2,8.681e+08,2,1,0,
272,1,1054754029212,1054825965756,7,49.7678,-67.2631,2,8.681e+08,2,1,0,
60,1,1064843128987,1065295741931,10,3.31513,-113.716,2,8.681e+08,2,1,0,
60,2,1064843128987,1065295753655,10,-15.759,-132.79,2,8.681e+08,2,1,0,
165,1,1062754892207,1063001680802,9,0.372374,-116.659,4,8.681e+08,2,1,0,
165,3,1062754892207,1063001686353,9,-3.76016,-120.791,4,8.681e+08,2,1,0,
165,4,1062754892207,1063001688588,9,-8.86643,-125.897,4,8.681e+08,2,1,0,
203,1,1058112895518,1058565508277,10,2.91753,-114.113,4,8.681e+08,2,1,0,
203,2,1058112895518,1058565514211,10,-11.7566,-128.788,4,8.681e+08,2,1,0,
73,1,1060555545165,1061008158096,10,-0.796542,-117.827,4,8.681e+08,2,1,0,
73,2,1060555545165,1061008165788,10,-9.87394,-126.905,4,8.681e+08,2,1,0,
177,1,1069616281679,1069688219929,7,19.3496,-97.6813,2,8.681e+08,2,1,0,
92,1,1070035181057,1070487794183,10,3.02253,-114.008,2,8.681e+08,2,1,0,
92,3,1070035181057,1070487798606,10,-11.5633,-128.594,2,8.681e+08,2,1,0,
92,4,1070035181057,1070487801900,10,-11.712,-128.743,2,8.681e+08,2,1,0,
41,1,1075108824070,1075180762795,7,7.87625,-109.155,2,8.681e+08,2,1,0,
125,1,1068954341044,1070764779343,12,-3.51768,-120.549,4,8.681e+08,2,1,0,
125,4,1068954341044,1070764784603,12,-18.6342,-135.665,4,8.681e+08,2,1,0,
6,2,1070280407643,1072090853692,12,-15.1235,-132.154,2,8.681e+08,2,1,0,
6,3,1070280407643,1072090847803,12,-5.2795,-122.31,2,8.681e+08,2,1,0,
6,4,1070280407643,1072090851052,12,-17.7571,-134.788,2,8.681e+08,2,1,0,
106,1,1070487610395,1070621246206,8,3.08887,-113.942,4,8.681e+08,2,1,0,
231,1,1076710347514,1077162960631,10,4.54895,-112.482,2,8.681e+08,2,1,0,
53,1,1073944940935,1074191729512,9,3.64579,-113.385,2,8.681e+08,2,1,0,
53,3,1073944940935,1074191735319,9,-12.9874,-130.018,2,8.681e+08,2,1,0,
256,1,1071595228326,1071667166599,7,10.5757,-106.455,2,8.681e+08,2,1,0,
390,1,1071323003628,1071775616710,10,-0.801597,-117.832,2,8.681e+08,2,1,0,
390,4,1071323003628,1071775624742,10,-11.7255,-128.756,2,8.681e+08,2,1,0,
295,1,1073317311287,1073389250004,7,15.887,-101.144,2,8.681e+08,2,1,0,
271,1,1076112256029,1077922694542,12,-4.02667,-121.058,2,8.681e+08,2,1,0,
271,3,1076112256029,1077922706505,12,-17.8053,-134.836,2,8.681e+08,2,1,0,
271,4,1076112256029,1077922700305,12,-14.8427,-131.874,2,8.681e+08,2,1,0,
350,1,1072953846551,1073025786091,7,0.555279,-116.476,2,8.681e+08,2,1,0,
101,1,1078634541136,1079621682641,11,-9.21654,-126.247,2,8.681e+08,2,1,0,
101,2,1078634541136,1079621687274,11,-5.3385,-122.369,2,8.681e+08,2,1,0,
101,3,1078634541136,1079621687571,11,-15.3432,-132.374,2,8.681e+08,2,1,0,
217,1,1075049489413,1076036631173,11,6.97551,-110.055,2,8.681e+08,2,1,0,
247,1,1079552976151,1081363415746,12,-1.94654,-118.977,4,8.681e+08,2,1,0,
247,2,1079552976151,1081363422308,12,-13.5002,-130.531,4,8.681e+08,2,1,0,
247,3,1079552976151,1081363428627,12,-19.709,-136.74,4,8.681e+08,2,1,0,
30,1,1082435540954,1084245981141,12,-6.58411,-123.615,4,8.685e+08,3,1,0,
30,2,1082435540954,1084245984484,12,-13.5928,-130.624,4,8.685e+08,3,1,0,
30,3,1082435540954,1084245992205,12,-18.9122,-135.943,4,8.685e+08,3,1,0,
398,4,1089891455159,1091701902542,12,-15.3301,-132.361,2,8.685e+08,3,1,0,
26,1,1078233729823,1078305668715,7,16.0912,-100.94,2,8.681e+08,2,1,0,
361,1,1084645828643,1084717765766,7,30.3208,-86.7101,2,8.685e+08,3,1,0,
273,1,1085164001694,1085235938685,7,40.7514,-76.2795,2,8.685e+08,3,1,0,
178,1,1082988474011,1083122109720,8,5.80383,-111.227,2,8.685e+08,3,1,0,
372,3,1084669418673,1085656574102,11,-18.0751,-135.106,4,8.685e+08,3,1,0,
372,4,1084669418673,1085656569280,11,-12.4613,-129.492,4,8.685e+08,3,1,0,
78,1,1081251736633,1081385372404,8,10.0408,-106.99,2,8.685e+08,3,1,0,
121,3,1084589558159,1086399999190,12,-10.7182,-127.749,4,8.685e+08,3,1,0,
121,4,1084589558159,1086399998783,12,-22.1776,-139.209,4,8.685e+08,3,1,0,
56,1,1091537193227,1091609130149,7,41.071,-75.9599,2,8.685e+08,3,1,0,
319,1,1085956363491,1087766802779,12,-3.30645,-120.337,2,8.685e+08,3,1,0,
213,1,1092950197769,1094760638127,12,-12.155,-129.186,4,8.685e+08,3,1,0,
213,4,1092950197769,1094760647658,12,-15.2489,-132.28,4,8.685e+08,3,1,0,
229,1,1095298999851,1095370938701,7,14.8061,-102.225,4,8.685e+08,3,1,0,
216,1,1095481935483,1095934548467,10,9.55487,-107.476,2,8.685e+08,3,1,0,
59,1,1094951425528,1095404038530,10,-2.07755,-119.108,2,8.685e+08,3,1,0,
59,3,1094951425528,1095404043764,10,-10.163,-127.194,2,8.685e+08,3,1,0,
303,1,1096401930286,1096473868154,7,28.5858,-88.4451,2,8.685e+08,3,1,0,
79,1,1096642414225,1096714352836,7,4.04299,-112.988,2,8.685e+08,3,1,0,
368,1,1098279983542,1098351920139,7,44.8244,-72.2065,4,8.685e+08,3,1,0,
76,1,1098552874014,1100363314398,12,-14.4842,-131.515,4,8.685e+08,3,1,0,
76,2,1098552874014,1100363316241,12,-15.4826,-132.513,4,8.685e+08,3,1,0,
280,1,1099385699032,1099457636677,7,22.4273,-94.6036,4,8.685e+08,3,1,0,
313,1,1103464891967,1105275330393,12,3.20729,-113.824,4,8.685e+08,3,1,0,
313,4,1103464891967,1105275337682,12,-10.9032,-127.934,4,8.685e+08,3,1,0,
18,1,1102158425862,1102405214472,9,-9.35522,-126.386,2,8.685e+08,3,1,0,
18,4,1102158425862,1102405219950,9,-11.8301,-128.861,2,8.685e+08,3,1,0,
308,1,1100690664021,1100762601815,7,19.3214,-97.7095,4,8.685e+08,3,1,0,
356,1,1105264668720,1105717281780,10,-7.22727,-124.258,2,8.685e+08,3,1,0,
276,1,1105959244547,1107769683396,12,-5.90919,-122.94,4,8.685e+08,3,1,0,
276,2,1105959244547,1107769685695,12,-9.13659,-126.167,4,8.685e+08,3,1,0,
276,3,1105959244547,1107769692451,12,-21.026,-138.057,4,8.685e+08,3,1,0,
276,4,1105959244547,1107769697320,12,-21.4685,-138.499,4,8.685e+08,3,1,0,
328,1,1110386488400,1111373630320,11,3.0231,-114.008,2,8.685e+08,3,1,0,
328,3,1110386488400,1111373633507,11,-8.67802,-125.709,2,8.685e+08,3,1,0,
328,4,1110386488400,1111373635650,11,-15.1968,-132.228,2,8.685e+08,3,1,0,
215,2,1102803900080,1104614340182,12,-10.4395,-127.47,4,8.685e+08,3,1,0,
215,3,1102803900080,1104614344392,12,-16.9151,-133.946,4,8.685e+08,3,1,0,
377,1,1106870808245,1107117596505,9,-1.97691,-119.008,4,8.685e+08,3,1,0,
377,2,1106870808245,1107117603352,9,-12.7926,-129.824,4,8.685e+08,3,1,0,
19,1,1104994361130,1105241149552,9,3.98701,-113.044,4,8.685e+08,3,1,0,
329,1,1111974890058,1112108525808,8,13.8026,-103.228,2,8.685e+08,3,1,0,
52,4,1108559321011,1110369765256,12,-10.8672,-127.898,4,8.685e+08,3,1,0,
14,1,1120910166155,1121897307961,11,3.0634,-113.967,4,8.685e+08,3,1,0,
206,1,1107544152543,1109354590802,12,1.67355,-115.357,2,8.685e+08,3,1,0,
206,3,1107544152543,1109354604716,12,-21.6685,-138.699,2,8.685e+08,3,1,0,
379,1,1109817693513,1109951329444,8,6.2362,-110.795,2,8.685e+08,3,1,0,
152,1,1111230959486,1112218101183,11,2.52895,-114.502,2,8.685e+08,3,1,0,
90,1,1108145334268,1109132475882,11,-2.74128,-119.772,2,8.685e+08,3,1,0,
90,2,1108145334268,1109132485532,11,-14.2737,-131.305,2,8.685e+08,3,1,0,
90,3,1108145334268,1109132480155,11,-8.02289,-125.054,2,8.685e+08,3,1,0,
90,4,1108145334268,1109132480833,11,-10.5085,-127.539,2,8.685e+08,3,1,0,
104,1,1110877288418,1112687727934,12,-16.0102,-133.041,4,8.685e+08,3,1,0,
104,4,1110877288418,1112687742590,12,-20.8621,-137.893,4,8.685e+08,3,1,0,
226,1,1120564648331,1121017261166,10,0.282736,-116.748,4,8.685e+08,3,1,0,
226,4,1120564648331,1121017268051,10,-13.6729,-130.704,4,8.685e+08,3,1,0,
43,1,1112880000695,1114690440408,12,-4.45457,-121.485,4,8.685e+08,3,1,0,
43,2,1112880000695,1114690439658,12,-3.82252,-120.853,4,8.685e+08,3,1,0,
43,3,1112880000695,1114690445460,12,-14.6587,-131.69,4,8.685e+08,3,1,0,
38,1,1117724687906,1119535125971,12,-4.70626,-121.737,4,8.685e+08,3,1,0,
71,2,1116304562937,1118115010772,12,-18.4814,-135.512,4,8.685e+08,3,1,0,
71,3,1116304562937,1118115002589,12,-8.63713,-125.668,4,8.685e+08,3,1,0,
71,4,1116304562937,1118115004530,12,-4.70484,-121.736,4,8.685e+08,3,1,0,
355,1,1116407459605,1116479397005,7,24.0868,-92.9441,4,8.685e+08,3,1,0,
137,1,1133763136273,1135573575425,12,-3.87247,-120.903,2,8.685e+08,3,1,0,
137,2,1133763136273,1135573585347,12,-13.4331,-130.464,2,8.685e+08,3,1,0,
137,3,1133763136273,1135573578199,12,-11.8767,-128.908,2,8.685e+08,3,1,0,
137,4,1133763136273,1135573576846,12,-5.41966,-122.451,2,8.685e+08,3,1,0,
193,2,1119405729965,1121216172139,12,-10.8863,-127.917,2,8.685e+08,3,1,0,
87,1,1120532990301,1122343430141,12,-6.28394,-123.315,4,8.685e+08,3,1,0,
87,3,1120532990301,1122343433889,12,-8.17559,-125.206,4,8.685e+08,3,1,0,
87,4,1120532990301,1122343429309,12,-6.99849,-124.029,4,8.685e+08,3,1,0,
155,1,1130756010096,1131002798581,9,2.23082,-114.8,2,8.685e+08,3,1,0,
155,4,1130756010096,1131002804667,9,-13.3575,-130.388,2,8.685e+08,3,1,0,
70,1,1123131060137,1123377848749,9,-6.84425,-123.875,2,8.685e+08,3,1,0,
70,2,1123131060137,1123377854397,9,-10.9078,-127.939,2,8.685e+08,3,1,0,
70,3,1123131060137,1123377856082,9,-13.7799,-130.811,2,8.685e+08,3,1,0,
338,1,1127585391201,1129395830902,12,-11.8729,-128.904,2,8.685e+08,3,1,0,
338,2,1127585391201,1129395839297,12,-15.985,-133.016,2,8.685e+08,3,1,0,
393,1,1122390387025,1124200827174,12,-6.41931,-123.45,4,8.685e+08,3,1,0,
393,2,1122390387025,1124200827325,12,-2.84215,-119.873,4,8.685e+08,3,1,0,
393,3,1122390387025,1124200828019,12,-18.3083,-135.339,4,8.685e+08,3,1,0,
72,1,1134241684797,1134488473377,9,7.58349,-109.447,4,8.685e+08,3,1,0,
198,1,1124888319517,1126698758338,12,-6.36768,-123.399,2,8.685e+08,3,1,0,
198,4,1124888319517,1126698767507,12,-21.4435,-138.474,2,8.685e+08,3,1,0,
335,1,1130440732839,1132251171601,12,-0.660893,-117.692,4,8.685e+08,3,1,0,
93,1,1135387152555,1137197591795,12,-3.99864,-121.03,4,8.685e+08,3,1,0,
93,2,1135387152555,1137197595874,12,-9.78771,-126.819,4,8.685e+08,3,1,0,
93,3,1135387152555,1137197592252,12,-4.5462,-121.577,4,8.685e+08,3,1,0,
325,1,1132252000931,1133239142768,11,-3.01021,-120.041,4,8.685e+08,3,1,0,
279,1,1149239840946,1149311778716,7,25.4993,-91.5316,2,8.685e+08,3,1,0,
166,1,1138350245826,1139337387520,11,-0.306134,-117.337,2,8.685e+08,3,1,0,
166,2,1138350245826,1139337397706,11,-12.5726,-129.603,2,8.685e+08,3,1,0,
307,1,1137851656674,1139662095265,12,-3.18019,-120.211,2,8.685e+08,3,1,0,
307,3,1137851656674,1139662097504,12,-12.5807,-129.612,2,8.685e+08,3,1,0,
307,4,1137851656674,1139662099108,12,-13.5656,-130.597,2,8.685e+08,3,1,0,
156,1,1142982031428,1143969172928,11,6.06171,-110.969,4,8.685e+08,3,1,0,
179,4,1142510553627,1143497699672,11,-11.3293,-128.36,4,8.685e+08,3,1,0,
77,1,1142452458150,1144262898411,12,-3.46332,-120.494,2,8.685e+08,3,1,0,
77,4,1142452458150,1144262904000,12,-20.6601,-137.691,2,8.685e+08,3,1,0,
344,2,1140314682560,1142125126561,12,-22.3959,-139.427,4,8.685e+08,3,1,0,
344,3,1140314682560,1142125132731,12,-18.6815,-135.712,4,8.685e+08,3,1,0,
324,1,1140630364663,1142440803936,12,-4.88388,-121.915,4,8.685e+08,3,1,0,
107,2,1146728421552,1148538861293,12,-7.1644,-124.195,2,8.685e+08,3,1,0,
107,3,1146728421552,1148538866711,12,-15.8784,-132.909,2,8.685e+08,3,1,0,
84,1,1150326316196,1150459952174,8,6.22205,-110.809,2,8.685e+08,3,1,0,
175,1,1147846397420,1149656835655,12,1.39422,-115.637,4,8.685e+08,3,1,0,
174,1,1145204049256,1147014488146,12,-2.79483,-119.826,2,8.685e+08,3,1,0,
174,3,1145204049256,1147014498548,12,-18.5601,-135.591,2,8.685e+08,3,1,0,
174,4,1145204049256,1147014491679,12,-14.8969,-131.928,2,8.685e+08,3,1,0,
234,2,1149093460555,1150903910031,12,-18.732,-135.763,2,8.685e+08,3,1,0,
234,3,1149093460555,1150903903044,12,-14.7931,-131.824,2,8.685e+08,3,1,0,
234,4,1149093460555,1150903900881,12,-7.14682,-124.178,2,8.685e+08,3,1,0,
172,1,1150716233884,1152526672810,12,0.791179,-116.24,4,8.685e+08,3,1,0,
172,2,1150716233884,1152526677666,12,-12.8227,-129.854,4,8.685e+08,3,1,0,
252,1,1161185197590,1161318833500,8,11.9746,-105.056,4,8.685e+08,3,1,0,
267,1,1162747132632,1164557572545,12,-11.3861,-128.417,4,8.685e+08,3,1,0,
267,2,1162747132632,1164557586950,12,-21.9103,-138.941,4,8.685e+08,3,1,0,
267,4,1162747132632,1164557579867,12,-16.9029,-133.934,4,8.685e+08,3,1,0,
392,1,1153133888024,1154944326180,12,2.40747,-114.623,2,8.685e+08,3,1,0,
392,2,1153133888024,1154944330317,12,-14.255,-131.286,2,8.685e+08,3,1,0,
392,3,1153133888024,1154944336463,12,-19.4205,-136.451,2,8.685e+08,3,1,0,
148,1,1163814216180,1163886153108,7,26.9759,-90.055,2,8.685e+08,3,1,0,
158,2,1156526807155,1158337259116,12,-16.438,-133.469,4,8.685e+08,3,1,0,
212,1,1154881338229,1156691776497,12,-6.36947,-123.4,4,8.685e+08,3,1,0,
212,3,1154881338229,1156691782935,12,-18.9202,-135.951,4,8.685e+08,3,1,0,
135,1,1156190228883,1158000668574,12,-5.77464,-122.806,4,8.685e+08,3,1,0,
135,3,1156190228883,1158000675369,12,-20.6659,-137.697,4,8.685e+08,3,1,0,
135,4,1156190228883,1158000668291,12,-4.3151,-121.346,4,8.685e+08,3,1,0,
98,1,1155078941438,1155531554670,10,-0.73399,-117.765,2,8.685e+08,3,1,0,
15,1,1159684044005,1161494482247,12,-3.44524,-120.476,2,8.685e+08,3,1,0,
15,2,1159684044005,1161494495836,12,-18.7219,-135.753,2,8.685e+08,3,1,0,
15,4,1159684044005,1161494492981,12,-14.1492,-131.18,2,8.685e+08,3,1,0,
224,1,1156719001354,1156965789913,9,5.8451,-111.186,4,8.685e+08,3,1,0,
224,4,1156719001354,1156965797051,9,-13.75,-130.781,4,8.685e+08,3,1,0,
118,1,1159701606859,1160154219986,10,-1.88093,-118.912,2,8.685e+08,3,1,0,
118,2,1159701606859,1160154227105,10,-13.0331,-130.064,2,8.685e+08,3,1,0,
114,1,1159234727202,1159481515418,9,8.7693,-108.262,4,8.685e+08,3,1,0,
403,1,1171878030959,1171949968096,7,31.5196,-85.5113,2,8.685e+08,3,1,0,
113,1,1161012807901,1161999949354,11,3.82697,-113.204,4,8.685e+08,3,1,0,
113,2,1161012807901,1161999954341,11,-11.8811,-128.912,4,8.685e+08,3,1,0,
113,3,1161012807901,1161999954104,11,-6.24111,-123.272,4,8.685e+08,3,1,0,
113,4,1161012807901,1161999959399,11,-19.4585,-136.489,4,8.685e+08,3,1,0,
235,1,1169191136163,1169263074271,7,21.1481,-95.8828,2,8.685e+08,3,1,0,
291,1,1169351971900,1170339113215,11,1.36935,-115.662,4,8.685e+08,3,1,0,
291,4,1169351971900,1170339118013,11,-8.06838,-125.099,4,8.685e+08,3,1,0,
297,1,1162458189472,1162704978010,9,5.06207,-111.969,4,8.685e+08,3,1,0,
297,2,1162458189472,1162704983689,9,-10.7918,-127.823,4,8.685e+08,3,1,0,
297,3,1162458189472,1162704987188,9,-12.1499,-129.181,4,8.685e+08,3,1,0,
298,1,1168584602341,1170395040529,12,-0.0194766,-117.05,4,8.685e+08,3,1,0,
298,2,1168584602341,1170395043733,12,-11.1306,-128.161,4,8.685e+08,3,1,0,
298,3,1168584602341,1170395049698,12,-19.3351,-136.366,4,8.685e+08,3,1,0,
310,1,1166211855340,1168022295441,12,-17.283,-134.314,4,8.685e+08,3,1,0,
310,2,1166211855340,1168022307426,12,-21.7708,-138.802,4,8.685e+08,3,1,0,
310,4,1166211855340,1168022307246,12,-19.9562,-136.987,4,8.685e+08,3,1,0,
375,2,1180845520807,1182655963863,12,-8.32704,-125.358,4,8.685e+08,3,1,0,
375,3,1180845520807,1182655960023,12,-6.74095,-123.772,4,8.685e+08,3,1,0,
221,1,1176796485459,1177249098286,10,4.1726,-112.858,2,8.685e+08,3,1,0,
304,1,1174986418830,1176796858994,12,-4.00995,-121.041,4,8.685e+08,3,1,0,
304,2,1174986418830,1176796868218,12,-19.7352,-136.766,4,8.685e+08,3,1,0,
304,3,1174986418830,1176796860072,12,-11.2436,-128.275,4,8.685e+08,3,1,0,
304,4,1174986418830,1176796858897,12,-10.3774,-127.408,4,8.685e+08,3,1,0,
12,1,1171423327107,1173233767038,12,-2.84182,-119.873,4,8.685e+08,3,1,0,
12,4,1171423327107,1173233777109,12,-20.6062,-137.637,4,8.685e+08,3,1,0,
164,1,1172178360264,1173165502256,11,-1.54308,-118.574,4,8.685e+08,3,1,0,
164,4,1172178360264,1173165507075,11,-14.477,-131.508,4,8.685e+08,3,1,0,
5,1,1173249952354,1173496740524,9,-3.35462,-120.386,2,8.685e+08,3,1,0,
5,2,1173249952354,1173496748449,9,-11.3169,-128.348,2,8.685e+08,3,1,0,
181,1,1174513897649,1174966510389,10,0.442344,-116.589,2,8.685e+08,3,1,0,
181,2,1174513897649,1174966521382,10,-15.9003,-132.931,2,8.685e+08,3,1,0,
181,4,1174513897649,1174966516268,10,-7.26634,-124.297,2,8.685e+08,3,1,0,
300,1,1184618876018,1185606017595,11,-18.42,-135.451,4,8.685e+08,3,1,0,
300,3,1184618876018,1185606027825,11,-14.8993,-131.93,4,8.685e+08,3,1,0,
28,1,1175627199097,1175760834964,8,5.58857,-111.442,4,8.685e+08,3,1,0,
62,1,1183534073964,1185344513758,12,-9.42783,-126.459,4,8.685e+08,3,1,0,
62,2,1183534073964,1185344513510,12,-10.2299,-127.261,4,8.685e+08,3,1,0,
185,1,1180151993556,1181962432782,12,-0.162273,-117.193,4,8.685e+08,3,1,0,
185,4,1180151993556,1181962435270,12,-11.5597,-128.591,4,8.685e+08,3,1,0,
296,2,1178732263710,1180542706480,12,-13.1984,-130.229,2,8.685e+08,3,1,0,
296,3,1178732263710,1180542703643,12,0.598222,-116.433,2,8.685e+08,3,1,0,
287,1,1178096436980,1178168375733,7,12.6731,-104.358,4,8.685e+08,3,1,0,
154,1,1184526413898,1184773202311,9,6.71186,-110.319,4,8.685e+08,3,1,0,
154,2,1184526413898,1184773208408,9,-12.9737,-130.005,4,8.685e+08,3,1,0,
35,1,1189822311886,1189894250696,7,11.5496,-105.481,4,8.685e+08,3,1,0,
333,1,1182308560787,1182761173697,10,0.158676,-116.872,4,8.685e+08,3,1,0,
334,1,1182956103490,1183408716635,10,6.02586,-111.005,2,8.685e+08,3,1,0,
314,1,1191152117150,1192139259017,11,-0.506809,-117.538,4,8.685e+08,3,1,0,
314,4,1191152117150,1192139268929,11,-17.1231,-134.154,4,8.685e+08,3,1,0,
25,1,1186571440624,1186705076425,8,13.9393,-103.092,2,8.685e+08,3,1,0,
21,1,1187170805151,1188981245588,12,-7.32467,-124.356,4,8.685e+08,3,1,0,
58,1,1188859766350,1189846908347,11,0.286598,-116.744,4,8.685e+08,3,1,0,
58,3,1188859766350,1189846916006,11,-18.2018,-135.233,4,8.685e+08,3,1,0,
283,1,1197472646524,1197544584728,7,14.0535,-102.977,2,8.685e+08,3,1,0,
146,1,1192056190024,1193866629930,12,-3.30658,-120.337,4,8.685e+08,3,1,0,
146,3,1192056190024,1193866640748,12,-21.5985,-138.629,4,8.685e+08,3,1,0,
183,2,1197129456774,1198116601770,11,-13.6699,-130.701,2,8.685e+08,3,1,0,
183,3,1197129456774,1198116604340,11,-18.8212,-135.852,2,8.685e+08,3,1,0,
127,1,1190145455475,1190279091290,8,6.73676,-110.294,4,8.685e+08,3,1,0,
399,4,1198211519706,1200021959602,12,-6.24449,-123.275,4,8.685e+08,3,1,0,
194,2,1192216373398,1194026820813,12,-16.4965,-133.527,4,8.685e+08,3,1,0,
211,1,1193974777327,1194046715038,7,12.8554,-104.176,2,8.685e+08,3,1,0,
320,1,1197864158702,1197936097966,7,10.6725,-106.358,2,8.685e+08,3,1,0,
320,2,1197864158702,1197936106174,7,-6.36832,-123.399,2,8.685e+08,3,1,0,
281,1,1198513478034,1198585416667,7,8.38021,-108.651,2,8.685e+08,3,1,0,
294,1,1203118745640,1203190684110,7,20.0087,-97.0222,4,8.685e+08,3,1,0,
253,2,1199851572581,1201662018135,12,-18.6905,-135.721,2,8.685e+08,3,1,0,
253,3,1199851572581,1201662012660,12,-7.50231,-124.533,2,8.685e+08,3,1,0,
8,1,1206502827479,1206955440480,10,3.18833,-113.843,2,8.685e+08,3,1,0,
8,4,1206502827479,1206955449302,10,-11.1506,-128.182,2,8.685e+08,3,1,0,
352,4,1200997254496,1202807695851,12,-19.4781,-136.509,4,8.685e+08,3,1,0,
195,1,1210567068606,1212377507796,12,-11.2373,-128.268,2,8.685e+08,3,1,0,
195,4,1210567068606,1212377516309,12,-18.749,-135.78,2,8.685e+08,3,1,0,
343,1,1206145211048,1207955649855,12,-7.26678,-124.298,2,8.685e+08,3,1,0,
343,3,1206145211048,1207955658777,12,-21.4731,-138.504,2,8.685e+08,3,1,0,
343,4,1206145211048,1207955652102,12,-8.62701,-125.658,2,8.685e+08,3,1,0,
261,1,1203305496380,1203377434406,7,11.4995,-105.531,2,8.685e+08,3,1,0,
305,1,1212287381225,1214097820863,12,-9.63691,-126.668,2,8.685e+08,3,1,0,
305,2,1212287381225,1214097820333,12,-0.664741,-117.696,2,8.685e+08,3,1,0,
312,1,1208076447146,1209886886802,12,-7.74615,-124.777,4,8.685e+08,3,1,0,
312,2,1208076447146,1209886889817,12,-13.2493,-130.28,4,8.685e+08,3,1,0,
312,3,1208076447146,1209886897324,12,-21.4059,-138.437,4,8.685e+08,3,1,0,
116,1,1210904085838,1211891227822,11,-1.75748,-118.788,2,8.685e+08,3,1,0,
116,2,1210904085838,1211891231569,11,-10.7487,-127.78,2,8.685e+08,3,1,0,
100,1,1207719407558,1207966195773,9,6.09868,-110.932,2,8.685e+08,3,1,0,
222,3,1212035290530,1213845731385,12,-7.55045,-124.581,4,8.685e+08,3,1,0,
222,4,1212035290530,1213845730696,12,-16.2837,-133.315,4,8.685e+08,3,1,0,
27,1,1215745708708,1216198321551,10,-5.83918,-122.87,4,8.685e+08,3,1,0,
27,2,1215745708708,1216198327767,10,-9.64253,-126.673,4,8.685e+08,3,1,0,
99,1,1212025227552,1213012369195,11,-0.229926,-117.261,2,8.685e+08,3,1,0,
99,3,1212025227552,1213012373764,11,-8.44195,-125.473,2,8.685e+08,3,1,0,
96,3,1217289517297,1219099959624,12,-7.23348,-124.264,4,8.685e+08,3,1,0,
96,4,1217289517297,1219099956991,12,-11.0487,-128.08,4,8.685e+08,3,1,0,
97,1,1216290562951,1218101002093,12,-2.055,-119.086,4,8.685e+08,3,1,0,
97,2,1216290562951,1218101003493,12,-4.56307,-121.594,4,8.685e+08,3,1,0,
122,1,1220307584876,1220379524301,7,15.2663,-101.765,2,8.685e+08,3,1,0,
24,3,1220552484317,1222362928010,12,-11.2024,-128.233,2,8.685e+08,3,1,0,
24,4,1220552484317,1222362924011,12,-6.45985,-123.491,2,8.685e+08,3,1,0,
141,1,1219650265520,1219722203786,7,19.572,-97.4589,2,8.685e+08,3,1,0,
255,1,1223422483558,1223669271834,9,9.27777,-107.753,2,8.685e+08,3,1,0,
255,4,1223422483558,1223669280006,9,-8.46859,-125.499,2,8.685e+08,3,1,0,
318,1,1221162505011,1222972943451,12,0.531047,-116.5,2,8.685e+08,3,1,0,
318,2,1221162505011,1222972950348,12,-10.1987,-127.23,2,8.685e+08,3,1,0,
20,1,1225365118123,1225611906432,9,5.56355,-111.467,2,8.685e+08,3,1,0,
20,3,1225365118123,1225611912639,9,-11.6913,-128.722,2,8.685e+08,3,1,0,
274,1,1224581139067,1224714775174,8,11.1331,-105.898,2,8.685e+08,3,1,0,
385,1,1222988967146,1223235755627,9,4.12592,-112.905,4,8.685e+08,3,1,0,
54,1,1223183019949,1223635632728,10,-5.4786,-122.51,2,8.685e+08,3,1,0,
369,1,1224707361483,1224779300065,7,9.31672,-107.714,4,8.685e+08,3,1,0,
200,1,1226494175119,1228304613236,12,-1.93933,-118.97,4,8.685e+08,3,1,0,
149,1,1229852192926,1229924131524,7,16.5558,-100.475,4,8.685e+08,3,1,0,
197,1,1226720028528,1226791966217,7,29.0265,-88.0044,2,8.685e+08,3,1,0,
23,1,1227095169340,1227167108337,7,6.03248,-110.998,2,8.685e+08,3,1,0,
341,1,1226346119437,1227333261265,11,0.669774,-116.361,4,8.685e+08,3,1,0,
341,2,1226346119437,1227333271739,11,-18.8526,-135.883,4,8.685e+08,3,1,0,
341,4,1226346119437,1227333265114,11,-11.9724,-129.003,4,8.685e+08,3,1,0,
301,1,1227271248324,1227343187404,7,14.6061,-102.425,2,8.685e+08,3,1,0,
17,1,1230653461333,1232463899853,12,0.0997734,-116.931,4,8.685e+08,3,1,0,
236,1,1230677889553,1230749829153,7,8.26405,-108.767,4,8.685e+08,3,1,0,
348,1,1232347619563,1232800232501,10,5.79362,-111.237,2,8.685e+08,3,1,0,
342,1,1231422710534,1231669498676,9,10.1193,-106.912,4,8.685e+08,3,1,0,
299,1,1231093382441,1232080524282,11,-6.72533,-123.756,4,8.685e+08,3,1,0,
299,3,1231093382441,1232080536463,11,-17.7681,-134.799,4,8.685e+08,3,1,0,
299,4,1231093382441,1232080530841,11,-12.8045,-129.835,4,8.685e+08,3,1,0,
161,3,1230367328961,1232177767555,12,-5.9489,-122.98,4,8.685e+08,3,1,0,
161,4,1230367328961,1232177774507,12,-16.1064,-133.137,4,8.685e+08,3,1,0,
330,1,1237896473846,1239706912799,12,-2.03304,-119.064,2,8.685e+08,3,1,0,
330,2,1237896473846,1239706914971,12,-18.3538,-135.385,2,8.685e+08,3,1,0,
330,3,1237896473846,1239706915381,12,-13.0525,-130.083,2,8.685e+08,3,1,0,
386,1,1233858085191,1233930023158,7,22.4841,-94.5468,4,8.685e+08,3,1,0,
134,4,1238044351664,1239854790605,12,-1.62782,-118.659,2,8.685e+08,3,1,0,
45,4,1232396202501,1232848823509,10,-15.5538,-132.585,2,8.685e+08,3,1,0,
39,1,1238366950848,1238438889902,7,15.2956,-101.735,4,8.685e+08,3,1,0,
367,1,1247094445591,1248904885380,12,-3.25516,-120.286,4,8.685e+08,3,1,0,
367,2,1247094445591,1248904885798,12,-2.88098,-119.912,4,8.685e+08,3,1,0,
316,4,1246205651837,1248016090438,12,-1.77972,-118.811,4,8.685e+08,3,1,0,
353,1,1271862800761,1273673239893,12,-4.99745,-122.028,4,8.685e+08,3,1,0,
353,2,1271862800761,1273673240344,12,-1.89206,-118.923,4,8.685e+08,3,1,0,
133,2,1246073181551,1247883621726,12,-2.80509,-119.836,2,8.685e+08,3,1,0,
388,1,1240742365726,1240876001636,8,11.2092,-105.822,2,8.685e+08,3,1,0,
388,3,1240742365726,1240876009859,8,-11.0264,-128.057,2,8.685e+08,3,1,0,
331,1,1248603420246,1248850208466,9,8.2826,-108.748,4,8.685e+08,3,1,0,
270,1,1250271873525,1252082313884,12,-7.5544,-124.585,2,8.685e+08,3,1,0,
270,3,1250271873525,1252082320686,12,-20.7951,-137.826,2,8.685e+08,3,1,0,
270,4,1250271873525,1252082312635,12,-5.9178,-122.949,2,8.685e+08,3,1,0,
401,1,1250945513453,1251398126516,10,4.38376,-112.647,4,8.685e+08,3,1,0,
401,4,1250945513453,1251398133701,10,-11.5912,-128.622,4,8.685e+08,3,1,0,
336,1,1266314248059,1268124687088,12,-8.43944,-125.47,2,8.685e+08,3,1,0,
336,3,1266314248059,1268124701236,12,-21.8472,-138.878,2,8.685e+08,3,1,0,
402,1,1252845546657,1252979182392,8,7.88392,-109.147,4,8.685e+08,3,1,0,
254,1,1253145053111,1254955492268,12,-6.37496,-123.406,2,8.685e+08,3,1,0,
254,2,1253145053111,1254955494327,12,-4.43635,-121.467,2,8.685e+08,3,1,0,
250,1,1254604595741,1256415036200,12,-10.8842,-127.915,4,8.685e+08,3,1,0,
250,4,1254604595741,1256415040073,12,-11.3105,-128.341,4,8.685e+08,3,1,0,
260,1,1262993587559,1263446200625,10,2.68827,-114.343,2,8.685e+08,3,1,0,
260,2,1262993587559,1263446208513,10,-14.109,-131.14,2,8.685e+08,3,1,0,
230,1,1263111397644,1264921836353,12,1.61273,-115.418,2,8.685e+08,3,1,0,
230,2,1263111397644,1264921837662,12,-6.66843,-123.699,2,8.685e+08,3,1,0,
378,2,1255537799250,1257348253670,12,-21.8925,-138.923,4,8.685e+08,3,1,0,
364,1,1257077484027,1258887922922,12,-1.82506,-118.856,4,8.685e+08,3,1,0,
364,3,1257077484027,1258887928062,12,-16.1461,-133.177,4,8.685e+08,3,1,0,
364,4,1257077484027,1258887923870,12,-4.2018,-121.233,4,8.685e+08,3,1,0,
321,1,1259303912580,1259756525267,10,3.72405,-113.307,2,8.685e+08,3,1,0,
321,2,1259303912580,1259756531159,10,-15.1284,-132.159,2,8.685e+08,3,1,0,
123,3,1262479185359,1264289635561,12,-21.2914,-138.322,2,8.685e+08,3,1,0,
123,4,1262479185359,1264289628204,12,-11.3687,-128.4,2,8.685e+08,3,1,0,
251,1,1261533054858,1261604992741,7,22.8442,-94.1867,2,8.685e+08,3,1,0,
269,1,1263351963055,1263485598676,8,11.1379,-105.893,4,8.685e+08,3,1,0,
269,3,1263351963055,1263485606429,8,-9.67425,-126.705,4,8.685e+08,3,1,0,
188,1,1264329941855,1265317083702,11,-6.38695,-123.418,4,8.685e+08,3,1,0,
188,2,1264329941855,1265317091567,11,-18.5944,-135.625,4,8.685e+08,3,1,0,
358,1,1269176884049,1269248823365,7,-0.830617,-117.862,4,8.685e+08,3,1,0,
139,1,1263608311506,1263855099669,9,6.85372,-110.177,4,8.685e+08,3,1,0,
139,2,1263608311506,1263855106933,9,-9.94383,-126.975,4,8.685e+08,3,1,0,
139,3,1263608311506,1263855106619,9,-10.9264,-127.957,4,8.685e+08,3,1,0,
248,1,1271721621928,1271793559104,7,24.1943,-92.8366,2,8.685e+08,3,1,0,
48,1,1270035870412,1270169506332,8,9.05598,-107.975,2,8.685e+08,3,1,0,
95,1,1268956173692,1269089809373,8,2.77662,-114.254,2,8.685e+08,3,1,0,
285,1,1275495481059,1276482622833,11,-0.360453,-117.391,2,8.685e+08,3,1,0,
49,1,1278305696204,1279292838192,11,1.36578,-115.665,2,8.685e+08,3,1,0,
81,1,1276282561502,1277269703378,11,-4.29666,-121.328,4,8.685e+08,3,1,0,
81,4,1276282561502,1277269708612,11,-5.32354,-122.354,4,8.685e+08,3,1,0,
246,1,1276383509377,1276630297573,9,6.40392,-110.627,2,8.685e+08,3,1,0,
196,2,1276500526115,1278310979190,12,-19.1461,-136.177,2,8.685e+08,3,1,0,
196,3,1276500526115,1278310978014,12,-21.0955,-138.126,2,8.685e+08,3,1,0,
365,1,1281531259482,1283341699710,12,-6.05672,-123.088,4,8.685e+08,3,1,0,
365,2,1281531259482,1283341697929,12,-7.98627,-125.017,4,8.685e+08,3,1,0,
365,3,1281531259482,1283341704258,12,-11.2247,-128.256,4,8.685e+08,3,1,0,
190,1,1284927624582,1284999563338,7,6.15916,-110.872,2,8.685e+08,3,1,0,
362,2,1278066634340,1279053786115,11,-16.7707,-133.802,4,8.685e+08,3,1,0,
362,3,1278066634340,1279053780343,11,-10.2254,-127.256,4,8.685e+08,3,1,0,
362,4,1278066634340,1279053780393,11,-13.7599,-130.791,4,8.685e+08,3,1,0,
142,1,1280126831724,1280579444452,10,2.62639,-114.405,4,8.685e+08,3,1,0,
142,2,1280126831724,1280579452972,10,-13.9819,-131.013,4,8.685e+08,3,1,0,
142,3,1280126831724,1280579449683,10,-5.02376,-122.055,4,8.685e+08,3,1,0,
142,4,1280126831724,1280579452427,10,-13.8619,-130.893,4,8.685e+08,3,1,0,
120,2,1294579844790,1296390285042,12,-12.1363,-129.167,2,8.685e+08,3,1,0,
404,1,1283907246928,1285717687243,12,-2.37682,-119.408,2,8.685e+08,3,1,0,
404,2,1283907246928,1285717699963,12,-19.332,-136.363,2,8.685e+08,3,1,0,
404,3,1283907246928,1285717693154,12,-21.0288,-138.06,2,8.685e+08,3,1,0,
404,4,1283907246928,1285717685593,12,-0.481031,-117.512,2,8.685e+08,3,1,0,
262,1,1283383769641,1283836382906,10,4.78714,-112.244,4,8.685e+08,3,1,0,
51,1,1289326869440,1289398808030,7,15.4541,-101.577,2,8.685e+08,3,1,0,
75,1,1284212124840,1284284063395,7,12.7076,-104.323,4,8.685e+08,3,1,0,
80,1,1289799137488,1291609576022,12,2.26249,-114.768,2,8.685e+08,3,1,0,
33,2,1289037044672,1290847485167,12,-11.5733,-128.604,2,8.685e+08,3,1,0,
349,1,1287736520583,1289546959540,12,3.60076,-113.43,4,8.685e+08,3,1,0,
349,4,1287736520583,1289546961172,12,-7.26103,-124.292,4,8.685e+08,3,1,0,
68,1,1292959655853,1294770094730,12,1.08226,-115.949,2,8.685e+08,3,1,0,
68,2,1292959655853,1294770096898,12,-7.87792,-124.909,2,8.685e+08,3,1,0,
68,3,1292959655853,1294770103661,12,-21.0284,-138.059,2,8.685e+08,3,1,0,
157,1,1286877691967,1286949630187,7,24.5593,-92.4716,4,8.685e+08,3,1,0,
132,1,1292602857999,1293589999476,11,-12.6491,-129.68,2,8.685e+08,3,1,0,
132,3,1292602857999,1293590004219,11,-12.7008,-129.732,2,8.685e+08,3,1,0,
132,4,1292602857999,1293590004385,11,-12.0064,-129.037,2,8.685e+08,3,1,0,
110,3,1290654391389,1292464832202,12,-2.54374,-119.575,2,8.685e+08,3,1,0,
110,4,1290654391389,1292464831930,12,-2.005,-119.036,2,8.685e+08,3,1,0,
394,1,1291182258112,1292992698029,12,-0.449443,-117.48,4,8.685e+08,3,1,0,
115,1,1290920655968,1290992593300,7,22.2522,-94.7787,2,8.685e+08,3,1,0,
265,1,1293123602283,1293257238285,8,11.0514,-105.98,4,8.685e+08,3,1,0,
366,1,1298310411472,1298763024301,10,6.30562,-110.725,4,8.685e+08,3,1,0,
396,4,1297024228652,1298834670600,12,-13.8644,-130.895,2,8.685e+08,3,1,0,
144,3,1298680866213,1300491320659,12,-21.7279,-138.759,2,8.685e+08,3,1,0,
40,1,1302801309345,1303788451042,11,0.934615,-116.096,4,8.685e+08,3,1,0,
85,1,1296216568037,1296350203730,8,10.2312,-106.8,2,8.685e+08,3,1,0,
85,2,1296216568037,1296350211154,8,-11.547,-128.578,2,8.685e+08,3,1,0,
219,3,1295316034841,1297126476878,12,-14.5961,-131.627,2,8.685e+08,3,1,0,
219,4,1295316034841,1297126475181,12,-8.9247,-125.956,2,8.685e+08,3,1,0,
163,1,1296601478041,1296673414988,7,33.5662,-83.4647,2,8.685e+08,3,1,0,
91,1,1305154912917,1305288548944,8,1.92778,-115.103,2,8.685e+08,3,1,0,
326,1,1298297108804,1300107548075,12,-6.3939,-123.425,4,8.685e+08,3,1,0,
258,2,1303134973061,1304122118110,11,-8.99267,-126.024,2,8.685e+08,3,1,0,
258,3,1303134973061,1304122121632,11,-17.1125,-134.143,2,8.685e+08,3,1,0,
89,2,1303938893839,1304926039209,11,-8.29148,-125.322,4,8.685e+08,3,1,0,
55,1,1304794778227,1305041566724,9,2.97022,-114.061,2,8.685e+08,3,1,0,
382,1,1305953397527,1306940539558,11,-3.98883,-121.02,4,8.685e+08,3,1,0,
382,2,1305953397527,1306940543008,11,-7.00464,-124.036,4,8.685e+08,3,1,0,
108,4,1304191988518,1305179139997,11,-16.9788,-134.01,4,8.685e+08,3,1,0,
302,4,1305210406232,1307020847306,12,-15.2598,-132.291,4,8.685e+08,3,1,0,
150,1,1306409852946,1308220292205,12,-1.18297,-118.214,2,8.685e+08,3,1,0,
150,2,1306409852946,1308220293137,12,-9.14758,-126.178,2,8.685e+08,3,1,0,
150,3,1306409852946,1308220300075,12,-15.4201,-132.451,2,8.685e+08,3,1,0,
74,1,1326105425085,1327092566661,11,-3.88194,-120.913,2,8.685e+08,3,1,0,
143,1,1310384511054,1312194949421,12,-2.78119,-119.812,4,8.685e+08,3,1,0,
143,3,1310384511054,1312194960308,12,-17.7325,-134.763,4,8.685e+08,3,1,0,
143,4,1310384511054,1312194953966,12,-15.1626,-132.193,4,8.685e+08,3,1,0,
309,1,1317424060987,1317670849541,9,-2.00051,-119.031,2,8.685e+08,3,1,0,
309,2,1317424060987,1317670855765,9,-11.6023,-128.633,2,8.685e+08,3,1,0,
395,1,1309805781180,1310258393862,10,8.83581,-108.195,2,8.685e+08,3,1,0,
340,1,1318300970710,1318372909241,7,8.3831,-108.648,4,8.685e+08,3,1,0,
284,1,1319182818548,1320169960364,11,-2.4838,-119.515,4,8.685e+08,3,1,0,
138,1,1328949881313,1329402494331,10,7.451,-109.58,4,8.685e+08,3,1,0,
138,3,1328949881313,1329402498971,10,-7.3948,-124.426,4,8.685e+08,3,1,0,
323,1,1314669898397,1316480338540,12,-7.73556,-124.766,2,8.685e+08,3,1,0,
323,2,1314669898397,1316480341798,12,-10.905,-127.936,2,8.685e+08,3,1,0,
323,3,1314669898397,1316480337170,12,-2.09471,-119.126,2,8.685e+08,3,1,0,
323,4,1314669898397,1316480344452,12,-16.5935,-133.624,2,8.685e+08,3,1,0,
105,1,1331022450051,1332009591883,11,-17.8814,-134.912,4,8.685e+08,3,1,0,
105,3,1331022450051,1332009603628,11,-15.3337,-132.365,4,8.685e+08,3,1,0,
257,1,1319017425989,1320827866130,12,-8.81533,-125.846,2,8.685e+08,3,1,0,
257,3,1319017425989,1320827873662,12,-18.5871,-135.618,2,8.685e+08,3,1,0,
257,4,1319017425989,1320827865675,12,-6.85649,-123.887,2,8.685e+08,3,1,0,
32,1,1322562957288,1324373395332,12,-9.35831,-126.389,2,8.685e+08,3,1,0,
32,2,1322562957288,1324373400843,12,-14.8036,-131.834,2,8.685e+08,3,1,0,
32,3,1322562957288,1324373398135,12,-9.08499,-126.116,2,8.685e+08,3,1,0,
32,4,1322562957288,1324373403310,12,-14.7349,-131.766,2,8.685e+08,3,1,0,
112,2,1331850580784,1332837736299,11,-18.881,-135.912,2,8.685e+08,3,1,0,
112,4,1331850580784,1332837725952,11,-4.97268,-122.004,2,8.685e+08,3,1,0,
322,1,1320035122691,1320281910990,9,13.5348,-103.496,4,8.685e+08,3,1,0,
173,1,1331644930696,1333455369300,12,-1.6093,-118.64,2,8.685e+08,3,1,0,
173,2,1331644930696,1333455371163,12,-2.74811,-119.779,2,8.685e+08,3,1,0,
173,3,1331644930696,1333455377139,12,-14.2699,-131.301,2,8.685e+08,3,1,0,
205,1,1328939565704,1330750004004,12,2.20855,-114.822,2,8.685e+08,3,1,0,
218,1,1343149094864,1343221033761,7,0.629553,-116.401,2,8.685e+08,3,1,0,
7,3,1333142968056,1334953411564,12,-18.6641,-135.695,4,8.685e+08,3,1,0,
7,4,1333142968056,1334953406705,12,-9.38926,-126.42,4,8.685e+08,3,1,0,
67,1,1339995890884,1340067828661,7,22.0706,-94.9603,2,8.685e+08,3,1,0,
187,1,1332405678299,1332539314016,8,9.22375,-107.807,2,8.685e+08,3,1,0,
381,1,1334425151283,1334671939507,9,-0.871107,-117.902,2,8.685e+08,3,1,0,
311,1,1333134997620,1333268633294,8,5.14356,-111.887,2,8.685e+08,3,1,0,
311,4,1333134997620,1333268640627,8,-9.1609,-126.192,2,8.685e+08,3,1,0,
210,1,1334658261242,1334730200088,7,19.3376,-97.6933,4,8.685e+08,3,1,0,
288,2,1338943149024,1340753589263,12,-12.1551,-129.186,4,8.685e+08,3,1,0,
288,3,1338943149024,1340753595690,12,-17.9833,-135.014,4,8.685e+08,3,1,0,
162,1,1347220342509,1349030780610,12,-15.4902,-132.521,4,8.685e+08,3,1,0,
162,2,1347220342509,1349030793658,12,-17.9141,-134.945,4,8.685e+08,3,1,0,
162,3,1347220342509,1349030788297,12,-13.0632,-130.094,4,8.685e+08,3,1,0,
162,4,1347220342509,1349030783227,12,-12.1397,-129.171,4,8.685e+08,3,1,0,
371,1,1334997334806,1335449947662,10,-7.32732,-124.358,2,8.685e+08,3,1,0,
371,2,1334997334806,1335449952639,10,-10.9144,-127.945,2,8.685e+08,3,1,0,
44,1,1335573808271,1335645746696,7,19.129,-97.9019,2,8.685e+08,3,1,0,
259,1,1344319427372,1344566215502,9,8.92969,-108.101,4,8.685e+08,3,1,0,
126,1,1353433653674,1353886266613,10,4.60663,-112.424,2,8.685e+08,3,1,0,
126,3,1353433653674,1353886273346,10,-14.7577,-131.789,2,8.685e+08,3,1,0,
126,4,1353433653674,1353886271679,10,-7.11644,-124.147,2,8.685e+08,3,1,0,
66,3,1357981585455,1359792024671,12,-0.432436,-117.463,2,8.685e+08,3,1,0,
66,4,1357981585455,1359792028599,12,-8.21734,-125.248,2,8.685e+08,3,1,0,
354,1,1341833044556,1343643484577,12,-2.27692,-119.308,2,8.685e+08,3,1,0,
354,3,1341833044556,1343643487613,12,-7.93251,-124.963,2,8.685e+08,3,1,0,
354,4,1341833044556,1343643483585,12,-3.50348,-120.534,2,8.685e+08,3,1,0,
290,1,1343845410692,1344832552111,11,-3.34782,-120.379,4,8.685e+08,3,1,0,
290,2,1343845410692,1344832563298,11,-17.9662,-134.997,4,8.685e+08,3,1,0,
145,1,1345230684124,1345302622987,7,12.8145,-104.216,4,8.685e+08,3,1,0,
370,1,1352618768277,1352690705301,7,32.8803,-84.1506,4,8.685e+08,3,1,0,
243,1,1349723563227,1351534003020,12,-3.31143,-120.342,4,8.685e+08,3,1,0,
243,3,1349723563227,1351534007366,12,-9.88383,-126.915,4,8.685e+08,3,1,0,
243,4,1349723563227,1351534002154,12,-1.82349,-118.854,4,8.685e+08,3,1,0,
199,1,1349281915950,1349353855011,7,18.2118,-98.8191,4,8.685e+08,3,1,0,
69,2,1352621878634,1354432320587,12,-10.2467,-127.278,2,8.685e+08,3,1,0,
69,3,1352621878634,1354432327396,12,-15.7425,-132.773,2,8.685e+08,3,1,0,
397,1,1357596395495,1359406834165,12,-5.32805,-122.359,2,8.685e+08,3,1,0,
42,4,1356692897452,1358503337550,12,-6.8372,-123.868,4,8.685e+08,3,1,0,
168,1,1354047665075,1355858104430,12,-12.9682,-129.999,4,8.685e+08,3,1,0,
168,3,1354047665075,1355858112415,12,-14.3366,-131.368,4,8.685e+08,3,1,0,
168,4,1354047665075,1355858105308,12,-3.47598,-120.507,4,8.685e+08,3,1,0,
169,1,1360063948616,1361874387366,12,-8.47665,-125.508,2,8.685e+08,3,1,0,
169,2,1360063948616,1361874401743,12,-22.158,-139.189,2,8.685e+08,3,1,0,
169,3,1360063948616,1361874397741,12,-19.8829,-136.914,2,8.685e+08,3,1,0,
169,4,1360063948616,1361874391000,12,-12.8729,-129.904,2,8.685e+08,3,1,0,
147,1,1358199045142,1358270983753,7,17.7718,-99.2591,4,8.685e+08,3,1,0,
207,1,1360213148343,1360285087880,7,13.9938,-103.037,2,8.685e+08,3,1,0,
140,1,1360406227839,1360653016354,9,4.87496,-112.156,4,8.685e+08,3,1,0,
140,4,1360406227839,1360653023052,9,-13.1469,-130.178,4,8.685e+08,3,1,0,
36,1,1367571303988,1368558445913,11,-4.03442,-121.065,4,8.685e+08,3,1,0,
374,3,1362589195217,1364399643590,12,-17.4858,-134.517,4,8.685e+08,3,1,0,
29,1,1371067256243,1371314044712,9,7.72729,-109.304,4,8.685e+08,3,1,0,
102,1,1362318749829,1363305891764,11,-0.710809,-117.742,2,8.685e+08,3,1,0,
102,2,1362318749829,1363305899083,11,-18.3133,-135.344,2,8.685e+08,3,1,0,
102,4,1362318749829,1363305898151,11,-19.1884,-136.219,2,8.685e+08,3,1,0,
376,1,1366776765410,1366848702820,7,27.1551,-89.8758,4,8.685e+08,3,1,0,
245,1,1362108476869,1363918917027,12,-2.08447,-119.115,4,8.685e+08,3,1,0,
245,4,1362108476869,1363918922573,12,-13.1576,-130.188,4,8.685e+08,3,1,0,
317,2,1363380282294,1365190726708,12,-9.12481,-126.156,2,8.685e+08,3,1,0,
317,3,1363380282294,1365190734083,12,-18.3544,-135.385,2,8.685e+08,3,1,0,
9,1,1363485883634,1363557820969,7,29.3736,-87.6573,4,8.685e+08,3,1,0,
136,1,1365011561746,1365464175044,10,-2.85891,-119.89,2,8.685e+08,3,1,0,
136,2,1365011561746,1365464181389,10,-14.2261,-131.257,2,8.685e+08,3,1,0,
238,2,1366257372206,1368067812363,12,-9.80259,-126.833,4,8.685e+08,3,1,0,
238,3,1366257372206,1368067813678,12,-12.503,-129.534,4,8.685e+08,3,1,0,
391,1,1366406493395,1368216933813,12,-5.77148,-122.802,4,8.685e+08,3,1,0,
34,3,1367896932811,1369707380084,12,-12.1959,-129.227,4,8.685e+08,3,1,0,
34,4,1367896932811,1369707372547,12,-4.30352,-121.334,4,8.685e+08,3,1,0,
63,1,1369356017119,1371166456357,12,-10.3672,-127.398,4,8.685e+08,3,1,0,
192,1,1369930573810,1370917715651,11,-4.86626,-121.897,2,8.685e+08,3,1,0,
180,1,1372559179173,1372805967409,9,6.0963,-110.935,2,8.685e+08,3,1,0,
209,1,1369056836554,1369509449413,10,3.96832,-113.063,2,8.685e+08,3,1,0,
57,1,1372926437475,1373379050403,10,2.81608,-114.215,2,8.685e+08,3,1,0,
57,2,1372926437475,1373379057353,10,-13.9227,-130.954,2,8.685e+08,3,1,0,
57,3,1372926437475,1373379055409,10,-8.69585,-125.727,2,8.685e+08,3,1,0,
170,2,1376658212912,1378468657932,12,-9.35384,-126.385,2,8.685e+08,3,1,0,
170,3,1376658212912,1378468664846,12,-16.7502,-133.781,2,8.685e+08,3,1,0,
264,1,1378317023816,1378563812299,9,6.85632,-110.175,4,8.685e+08,3,1,0,
264,2,1378317023816,1378563821537,9,-9.38289,-126.414,4,8.685e+08,3,1,0,
117,1,1376973904402,1377045843213,7,19.9399,-97.091,2,8.685e+08,3,1,0,
189,1,1374011239529,1374998381284,11,0.522592,-116.508,2,8.685e+08,3,1,0,
159,1,1375474375733,1375546313098,7,23.5248,-93.5061,4,8.685e+08,3,1,0,
346,1,1377689287551,1379499726175,12,-1.18107,-118.212,4,8.685e+08,3,1,0,
346,4,1377689287551,1379499730449,12,-13.7911,-130.822,4,8.685e+08,3,1,0,
380,1,1393576019859,1393709655953,8,8.3041,-108.727,4,8.685e+08,3,1,0,
380,4,1393576019859,1393709662527,8,-11.6049,-128.636,4,8.685e+08,3,1,0,
186,1,1390481978455,1390553917433,7,5.89715,-111.134,2,8.685e+08,3,1,0,
82,1,1381726045506,1383536485320,12,2.58506,-114.446,4,8.685e+08,3,1,0,
82,3,1381726045506,1383536487248,12,-9.52456,-126.555,4,8.685e+08,3,1,0,
82,4,1381726045506,1383536485522,12,-2.16594,-119.197,4,8.685e+08,3,1,0,
306,1,1379044831293,1379178467204,8,3.42249,-113.608,2,8.685e+08,3,1,0,
16,2,1379196257338,1381006695786,12,-8.51468,-125.546,4,8.685e+08,3,1,0,
103,1,1386381774686,1387368916638,11,3.14462,-113.886,4,8.685e+08,3,1,0,
103,4,1386381774686,1387368921068,11,-12.2952,-129.326,4,8.685e+08,3,1,0,
227,1,1382853170138,1383305783446,10,-3.19135,-120.222,4,8.685e+08,3,1,0,
227,2,1382853170138,1383305787729,10,-7.53333,-124.564,4,8.685e+08,3,1,0,
94,1,1380464073647,1380536012976,7,15.1211,-101.91,2,8.685e+08,3,1,0,
10,1,1385413654848,1386400796611,11,-4.164,-121.195,4,8.685e+08,3,1,0,
10,2,1385413654848,1386400804917,11,-12.2733,-129.304,4,8.685e+08,3,1,0,
10,3,1385413654848,1386400799985,11,-7.50973,-124.541,4,8.685e+08,3,1,0,
131,1,1385774238473,1387584677339,12,-6.35313,-123.384,4,8.685e+08,3,1,0,
131,2,1385774238473,1387584679908,12,-8.18314,-125.214,4,8.685e+08,3,1,0,
131,3,1385774238473,1387584679798,12,-12.1921,-129.223,4,8.685e+08,3,1,0,
131,4,1385774238473,1387584686611,12,-16.5625,-133.593,4,8.685e+08,3,1,0,
359,2,1391490162283,1391942781238,10,-10.0544,-127.085,4,8.685e+08,3,1,0,
359,4,1391490162283,1391942785354,10,-16.5486,-133.58,4,8.685e+08,3,1,0,
119,1,1388748895754,1390559335158,12,-8.7486,-125.78,2,8.685e+08,3,1,0,
119,2,1388748895754,1390559340376,12,-11.2375,-128.268,2,8.685e+08,3,1,0,
327,1,1392781881685,1393028670076,9,0.0925177,-116.938,2,8.685e+08,3,1,0,
11,1,1392091167987,1392163105299,7,31.0459,-85.985,2,8.685e+08,3,1,0,
31,1,1397203007587,1397655620585,10,-1.55257,-118.583,2,8.685e+08,3,1,0,
31,4,1397203007587,1397655628766,10,-13.6431,-130.674,2,8.685e+08,3,1,0,
214,1,1400011906019,1400145541762,8,6.38823,-110.643,4,8.685e+08,3,1,0,
266,1,1398139554889,1399949994884,12,-8.01528,-125.046,4,8.685e+08,3,1,0,
160,1,1400625775850,1400872564038,9,1.50712,-115.524,2,8.685e+08,3,1,0,
282,1,1395842894114,1397653332696,12,-3.4559,-120.487,4,8.685e+08,3,1,0,
282,4,1395842894114,1397653335392,12,-17.9561,-134.987,4,8.685e+08,3,1,0,
47,1,1400804765450,1400876703336,7,6.08526,-110.946,4,8.685e+08,3,1,0,
233,1,1399784708823,1401595147534,12,-0.0392412,-117.07,2,8.685e+08,3,1,0,
233,2,1399784708823,1401595149535,12,-7.88579,-124.917,2,8.685e+08,3,1,0,
233,3,1399784708823,1401595155919,12,-13.6934,-130.724,2,8.685e+08,3,1,0,
22,1,1400996767619,1402807207236,12,0.263354,-116.768,2,8.685e+08,3,1,0,
351,1,1404646191775,1406456631361,12,-18.5355,-135.566,2,8.685e+08,3,1,0,
351,2,1404646191775,1406456645357,12,-20.7592,-137.79,2,8.685e+08,3,1,0,
351,4,1404646191775,1406456640289,12,-16.8527,-133.884,2,8.685e+08,3,1,0,
383,1,1402829979618,1403817121569,11,4.80415,-112.227,4,8.685e+08,3,1,0,
128,3,1403254991248,1405065441623,12,-18.9764,-136.007,2,8.685e+08,3,1,0,
88,2,1401689832777,1403500278288,12,-16.8846,-133.916,4,8.685e+08,3,1,0,
239,4,1402373946228,1404184385274,12,-6.98894,-124.02,2,8.685e+08,3,1,0,
130,1,1409401117767,1411211555870,12,-4.00831,-121.039,4,8.685e+08,3,1,0,
130,4,1409401117767,1411211559499,12,-13.0784,-130.109,4,8.685e+08,3,1,0,
191,4,1414301110789,1416111557594,12,-16.3891,-133.42,2,8.685e+08,3,1,0,
387,1,1411292966043,1411539754444,9,6.68583,-110.345,2,8.685e+08,3,1,0,
111,1,1407753431996,1409563870237,12,-0.0923118,-117.123,4,8.685e+08,3,1,0,
111,4,1407753431996,1409563880216,12,-15.9422,-132.973,4,8.685e+08,3,1,0,
109,2,1410175108611,1411985547985,12,-4.84963,-121.881,4,8.685e+08,3,1,0,
109,3,1410175108611,1411985552252,12,-10.8804,-127.911,4,8.685e+08,3,1,0,
86,1,1413222888529,1413294827721,7,7.11477,-109.916,4,8.685e+08,3,1,0,
272,1,1414754029212,1414825965756,7,45.8925,-71.1384,2,8.685e+08,3,1,0,
37,1,1410547174270,1410999787332,10,7.77534,-109.256,4,8.685e+08,3,1,0,
37,2,1410547174270,1410999796454,10,-15.8305,-132.861,4,8.685e+08,3,1,0,
37,4,1410547174270,1410999793971,10,-11.1404,-128.171,4,8.685e+08,3,1,0,
64,1,1412059616937,1413870056365,12,-9.08076,-126.112,4,8.685e+08,3,1,0,
64,2,1412059616937,1413870069488,12,-21.9832,-139.014,4,8.685e+08,3,1,0,
64,4,1412059616937,1413870067107,12,-18.1257,-135.157,4,8.685e+08,3,1,0,
263,1,1414897226994,1414969165893,7,15.3179,-101.713,4,8.685e+08,3,1,0,
242,1,1420830190725,1421076979182,9,3.72997,-113.301,2,8.685e+08,3,1,0,
242,3,1420830190725,1421076985106,9,-7.80452,-124.835,2,8.685e+08,3,1,0,
400,1,1414144006926,1414215946100,7,10.7106,-106.32,4,8.685e+08,3,1,0,
203,1,1418112895518,1418565508277,10,6.1474,-110.884,4,8.685e+08,3,1,0,
203,3,1418112895518,1418565518763,10,-16.2106,-133.241,4,8.685e+08,3,1,0,
177,1,1429616281679,1429688219929,7,8.46037,-108.571,2,8.685e+08,3,1,0,
125,1,1428954341044,1430764779343,12,-0.428013,-117.459,4,8.685e+08,3,1,0,
73,1,1420555545165,1421008158096,10,3.32048,-113.71,4,8.685e+08,3,1,0,
73,2,1420555545165,1421008165788,10,-11.1887,-128.22,4,8.685e+08,3,1,0,
92,1,1430035181057,1430487794183,10,1.86997,-115.161,2,8.685e+08,3,1,0,
92,2,1430035181057,1430487802014,10,-12.5346,-129.566,2,8.685e+08,3,1,0,
165,1,1422754892207,1423001680802,9,-3.48529,-120.516,4,8.685e+08,3,1,0,
165,2,1422754892207,1423001689850,9,-12.7883,-129.819,4,8.685e+08,3,1,0,
165,3,1422754892207,1423001686353,9,-6.61881,-123.65,4,8.685e+08,3,1,0,
237,1,1426069545900,1427879985049,12,-7.92034,-124.951,2,8.685e+08,3,1,0,
60,1,1424843128987,1425295741931,10,0.0516647,-116.979,2,8.685e+08,3,1,0,
390,1,1431323003628,1431775616710,10,-8.33348,-125.364,2,8.685e+08,3,1,0,
390,4,1431323003628,1431775624742,10,-14.0062,-131.037,2,8.685e+08,3,1,0,
6,2,1430280407643,1432090853692,12,-14.6683,-131.699,2,8.685e+08,3,1,0,
6,3,1430280407643,1432090847803,12,-7.43784,-124.469,2,8.685e+08,3,1,0,
6,4,1430280407643,1432090851052,12,-21.2185,-138.249,2,8.685e+08,3,1,0,
106,1,1430487610395,1430621246206,8,7.74158,-109.289,4,8.685e+08,3,1,0,
53,1,1433944940935,1434191729512,9,-2.13899,-119.17,2,8.685e+08,3,1,0,
53,3,1433944940935,1434191735319,9,-12.2996,-129.331,2,8.685e+08,3,1,0,
256,1,1431595228326,1431667166599,7,16.6037,-100.427,2,8.685e+08,3,1,0,
41,1,1435108824070,1435180762795,7,20.1415,-96.8894,2,8.685e+08,3,1,0,
247,1,1439552976151,1441363415746,12,-8.79115,-125.822,4,8.685e+08,3,1,0,
247,2,1439552976151,1441363422308,12,-17.2667,-134.298,4,8.685e+08,3,1,0,
247,3,1439552976151,1441363428627,12,-21.6823,-138.713,4,8.685e+08,3,1,0,
295,1,1433317311287,1433389250004,7,7.42258,-109.608,2,8.685e+08,3,1,0,
231,1,1436710347514,1437162960631,10,1.77661,-115.254,2,8.685e+08,3,1,0,
231,2,1436710347514,1437162970364,10,-15.693,-132.724,2,8.685e+08,3,1,0,
350,1,1432953846551,1433025786091,7,9.94367,-107.087,2,8.685e+08,3,1,0,
271,1,1436112256029,1437922694542,12,-6.52599,-123.557,2,8.685e+08,3,1,0,
271,4,1436112256029,1437922700305,12,-9.84501,-126.876,2,8.685e+08,3,1,0,
217,1,1435049489413,1436036631173,11,-1.44279,-118.474,2,8.685e+08,3,1,0,
217,3,1435049489413,1436036645285,11,-17.0302,-134.061,2,8.685e+08,3,1,0,
121,2,1444589558159,1446400006996,12,-22.2388,-139.27,4,8.685e+08,4,1,0,
121,3,1444589558159,1446399999190,12,-10.8841,-127.915,4,8.685e+08,4,1,0,
121,4,1444589558159,1446399998783,12,-9.23215,-126.263,4,8.685e+08,4,1,0,
30,1,1442435540954,1444245981141,12,-7.69113,-124.722,4,8.685e+08,4,1,0,
30,2,1442435540954,1444245984484,12,-14.6965,-131.727,4,8.685e+08,4,1,0,
26,1,1438233729823,1438305668715,7,3.90649,-113.124,2,8.685e+08,3,1,0,
101,1,1438634541136,1439621682641,11,1.62108,-115.41,2,8.685e+08,3,1,0,
101,2,1438634541136,1439621687274,11,-8.36562,-125.397,2,8.685e+08,3,1,0,
101,3,1438634541136,1439621687571,11,-13.2641,-130.295,2,8.685e+08,3,1,0,
101,4,1438634541136,1439621693003,11,-19.4648,-136.496,2,8.685e+08,3,1,0,
178,1,1442988474011,1443122109720,8,4.5023,-112.529,2,8.685e+08,4,1,0,
78,1,1441251736633,1441385372404,8,-2.77508,-119.806,2,8.685e+08,4,1,0,
372,4,1444669418673,1445656569280,11,-16.4418,-133.473,4,8.685e+08,4,1,0,
273,1,1445164001694,1445235938685,7,31.5538,-85.4771,2,8.685e+08,4,1,0,
361,1,1444645828643,1444717765766,7,27.4812,-89.5497,2,8.685e+08,4,1,0,
249,1,1455282252305,1455415888311,8,4.32744,-112.703,4,8.685e+08,4,1,0,
319,1,1445956363491,1447766802779,12,2.79313,-114.238,2,8.685e+08,4,1,0,
319,4,1445956363491,1447766806542,12,-11.9074,-128.938,2,8.685e+08,4,1,0,
56,1,1451537193227,1451609130149,7,32.7252,-84.3057,2,8.685e+08,4,1,0,
347,1,1449789850813,1451600289320,12,0.490984,-116.54,4,8.685e+08,4,1,0,
347,4,1449789850813,1451600294614,12,-12.6899,-129.721,4,8.685e+08,4,1,0,
229,1,1455298999851,1455370938701,7,17.8158,-99.2151,4,8.685e+08,4,1,0,
216,1,1455481935483,1455934548467,10,6.99667,-110.034,2,8.685e+08,4,1,0,
213,1,1452950197769,1454760638127,12,-7.30875,-124.34,4,8.685e+08,4,1,0,
213,2,1452950197769,1454760651635,12,-20.9858,-138.017,4,8.685e+08,4,1,0,
179,3,1502510553627,1503497705381,11,-14.421,-131.452,4,8.685e+08,4,1,0,
179,4,1502510553627,1503497699672,11,-11.2818,-128.313,4,8.685e+08,4,1,0,
59,1,1454951425528,1455404038530,10,3.4772,-113.554,2,8.685e+08,4,1,0,
59,3,1454951425528,1455404043764,10,-9.20641,-126.237,2,8.685e+08,4,1,0,
303,1,1456401930286,1456473868154,7,22.5709,-94.46,2,8.685e+08,4,1,0,
79,1,1456642414225,1456714352836,7,9.61419,-107.417,2,8.685e+08,4,1,0,
368,1,1458279983542,1458351920139,7,43.437,-73.5939,4,8.685e+08,4,1,0,
344,1,1500314682560,1502125120947,12,-1.77078,-118.802,4,8.685e+08,4,1,0,
344,2,1500314682560,1502125126561,12,-18.2419,-135.273,4,8.685e+08,4,1,0,
76,1,1458552874014,1460363314398,12,-8.63915,-125.67,4,8.685e+08,4,1,0,
76,2,1458552874014,1460363316241,12,-21.7173,-138.748,4,8.685e+08,4,1,0,
280,1,1459385699032,1459457636677,7,17.7675,-99.2634,4,8.685e+08,4,1,0,
313,1,1463464891967,1465275330393,12,2.25209,-114.779,4,8.685e+08,4,1,0,
313,4,1463464891967,1465275337682,12,-16.6219,-133.653,4,8.685e+08,4,1,0,
18,1,1462158425862,1462405214472,9,-0.11371,-117.145,2,8.685e+08,4,1,0,
18,4,1462158425862,1462405219950,9,-13.2026,-130.233,2,8.685e+08,4,1,0,
308,1,1460690664021,1460762601815,7,15.6916,-101.339,4,8.685e+08,4,1,0,
19,1,1464994361130,1465241149552,9,-6.51413,-123.545,4,8.685e+08,4,1,0,
356,1,1465264668720,1465717281780,10,-4.46131,-121.492,2,8.685e+08,4,1,0,
356,4,1465264668720,1465717295823,10,-15.6426,-132.674,2,8.685e+08,4,1,0,
104,1,1470877288418,1472687727934,12,-4.28221,-121.313,4,8.685e+08,4,1,0,
104,2,1470877288418,1472687733794,12,-14.4329,-131.464,4,8.685e+08,4,1,0,
215,3,1462803900080,1464614344392,12,-15.4774,-132.508,4,8.685e+08,4,1,0,
377,1,1466870808245,1467117596505,9,8.81348,-108.217,4,8.685e+08,4,1,0,
377,2,1466870808245,1467117603352,9,-12.6895,-129.72,4,8.685e+08,4,1,0,
328,1,1470386488400,1471373630320,11,-0.139875,-117.171,2,8.685e+08,4,1,0,
328,3,1470386488400,1471373633507,11,-7.61692,-124.648,2,8.685e+08,4,1,0,
328,4,1470386488400,1471373635650,11,-17.8642,-134.895,2,8.685e+08,4,1,0,
379,1,1469817693513,1469951329444,8,1.50078,-115.53,2,8.685e+08,4,1,0,
276,1,1465959244547,1467769683396,12,-5.2582,-122.289,4,8.685e+08,4,1,0,
276,2,1465959244547,1467769685695,12,-10.2485,-127.279,4,8.685e+08,4,1,0,
276,3,1465959244547,1467769692451,12,-16.694,-133.725,4,8.685e+08,4,1,0,
329,1,1471974890058,1472108525808,8,10.4905,-106.54,2,8.685e+08,4,1,0,
206,1,1467544152543,1469354590802,12,-0.527303,-117.558,2,8.685e+08,4,1,0,
52,4,1468559321011,1470369765256,12,-11.9923,-129.023,4,8.685e+08,4,1,0,
90,1,1468145334268,1469132475882,11,-2.28769,-119.319,2,8.685e+08,4,1,0,
90,2,1468145334268,1469132485532,11,-19.3591,-136.39,2,8.685e+08,4,1,0,
90,3,1468145334268,1469132480155,11,-10.5273,-127.558,2,8.685e+08,4,1,0,
90,4,1468145334268,1469132480833,11,-11.7397,-128.771,2,8.685e+08,4,1,0,
14,1,1480910166155,1481897307961,11,3.73771,-113.293,4,8.685e+08,4,1,0,
152,1,1471230959486,1472218101183,11,-2.50526,-119.536,2,8.685e+08,4,1,0,
152,2,1471230959486,1472218110554,11,-11.6595,-128.69,2,8.685e+08,4,1,0,
43,1,1472880000695,1474690440408,12,-8.03657,-125.067,4,8.685e+08,4,1,0,
43,2,1472880000695,1474690439658,12,-10.2484,-127.279,4,8.685e+08,4,1,0,
87,1,1480532990301,1482343430141,12,-12.6357,-129.667,4,8.685e+08,4,1,0,
87,3,1480532990301,1482343433889,12,-16.4409,-133.472,4,8.685e+08,4,1,0,
87,4,1480532990301,1482343429309,12,-2.05761,-119.089,4,8.685e+08,4,1,0,
38,1,1477724687906,1479535125971,12,-2.806,-119.837,4,8.685e+08,4,1,0,
38,4,1477724687906,1479535137534,12,-15.4636,-132.494,4,8.685e+08,4,1,0,
355,1,1476407459605,1476479397005,7,24.1177,-92.9132,4,8.685e+08,4,1,0,
71,2,1476304562937,1478115010772,12,-18.3656,-135.397,4,8.685e+08,4,1,0,
71,3,1476304562937,1478115002589,12,-6.55513,-123.586,4,8.685e+08,4,1,0,
71,4,1476304562937,1478115004530,12,-11.6746,-128.706,4,8.685e+08,4,1,0,
137,1,1493763136273,1495573575425,12,-10.7482,-127.779,2,8.685e+08,4,1,0,
137,3,1493763136273,1495573578199,12,-10.7737,-127.805,2,8.685e+08,4,1,0,
137,4,1493763136273,1495573576846,12,-4.45151,-121.482,2,8.685e+08,4,1,0,
70,1,1483131060137,1483377848749,9,5.51492,-111.516,2,8.685e+08,4,1,0,
70,2,1483131060137,1483377854397,9,-8.94815,-125.979,2,8.685e+08,4,1,0,
226,1,1480564648331,1481017261166,10,-1.29582,-118.327,4,8.685e+08,4,1,0,
226,3,1480564648331,1481017266432,10,-13.4263,-130.457,4,8.685e+08,4,1,0,
193,1,1479405729965,1481216168972,12,-9.58593,-126.617,2,8.685e+08,4,1,0,
193,2,1479405729965,1481216172139,12,-17.0815,-134.112,2,8.685e+08,4,1,0,
338,1,1487585391201,1489395830902,12,-15.3425,-132.373,2,8.685e+08,4,1,0,
338,2,1487585391201,1489395839297,12,-15.2885,-132.319,2,8.685e+08,4,1,0,
155,1,1490756010096,1491002798581,9,2.42235,-114.609,2,8.685e+08,4,1,0,
72,1,1494241684797,1494488473377,9,2.8085,-114.222,4,8.685e+08,4,1,0,
72,3,1494241684797,1494488479085,9,-12.7301,-129.761,4,8.685e+08,4,1,0,
72,4,1494241684797,1494488482906,9,-11.7539,-128.785,4,8.685e+08,4,1,0,
393,1,1482390387025,1484200827174,12,-5.28555,-122.316,4,8.685e+08,4,1,0,
393,2,1482390387025,1484200827325,12,-7.71438,-124.745,4,8.685e+08,4,1,0,
393,3,1482390387025,1484200828019,12,-9.32285,-126.354,4,8.685e+08,4,1,0,
393,4,1482390387025,1484200836164,12,-21.592,-138.623,4,8.685e+08,4,1,0,
335,1,1490440732839,1492251171601,12,1.0685,-115.962,4,8.685e+08,4,1,0,
335,4,1490440732839,1492251181716,12,-17.3035,-134.334,4,8.685e+08,4,1,0,
325,1,1492252000931,1493239142768,11,-6.27914,-123.31,4,8.685e+08,4,1,0,
198,1,1484888319517,1486698758338,12,-9.84912,-126.88,2,8.685e+08,4,1,0,
198,2,1484888319517,1486698772452,12,-18.6905,-135.721,2,8.685e+08,4,1,0,
198,4,1484888319517,1486698767507,12,-12.8855,-129.916,2,8.685e+08,4,1,0,
166,1,1498350245826,1499337387520,11,-10.2249,-127.256,2,8.685e+08,4,1,0,
77,1,1502452458150,1504262898411,12,-13.0941,-130.125,2,8.685e+08,4,1,0,
77,3,1502452458150,1504262910936,12,-21.3254,-138.356,2,8.685e+08,4,1,0,
77,4,1502452458150,1504262904000,12,-12.7528,-129.784,2,8.685e+08,4,1,0,
324,4,1500630364663,1502440810614,12,-17.5806,-134.612,4,8.685e+08,4,1,0,
46,2,1496756038443,1498566493039,12,-18.7416,-135.773,4,8.685e+08,4,1,0,
307,1,1497851656674,1499662095265,12,-12.9925,-130.023,2,8.685e+08,4,1,0,
307,3,1497851656674,1499662097504,12,-17.1236,-134.154,2,8.685e+08,4,1,0,
307,4,1497851656674,1499662099108,12,-8.79624,-125.827,2,8.685e+08,4,1,0,
107,1,1506728421552,1508538860513,12,0.0620226,-116.969,2,8.685e+08,4,1,0,
107,2,1506728421552,1508538861293,12,-9.97923,-127.01,2,8.685e+08,4,1,0,
107,3,1506728421552,1508538866711,12,-9.98865,-127.02,2,8.685e+08,4,1,0,
124,1,1502585699404,1503572840779,11,-1.04958,-118.08,4,8.685e+08,4,1,0,
84,1,1510326316196,1510459952174,8,2.19913,-114.832,2,8.685e+08,4,1,0,
172,1,1510716233884,1512526672810,12,-9.02305,-126.054,4,8.685e+08,4,1,0,
172,2,1510716233884,1512526677666,12,-17.2504,-134.281,4,8.685e+08,4,1,0,
172,3,1510716233884,1512526684329,12,-20.8808,-137.912,4,8.685e+08,4,1,0,
174,4,1505204049256,1507014491679,12,-13.7372,-130.768,2,8.685e+08,4,1,0,
234,1,1509093460555,1510903899579,12,-2.70982,-119.741,2,8.685e+08,4,1,0,
234,3,1509093460555,1510903903044,12,-13.2613,-130.292,2,8.685e+08,4,1,0,
234,4,1509093460555,1510903900881,12,-12.1551,-129.186,2,8.685e+08,4,1,0,
279,1,1509239840946,1509311778716,7,15.7761,-101.255,2,8.685e+08,4,1,0,
212,1,1514881338229,1516691776497,12,0.338827,-116.692,4,8.685e+08,4,1,0,
212,2,1514881338229,1516691778636,12,-8.87763,-125.909,4,8.685e+08,4,1,0,
212,3,1514881338229,1516691782935,12,-11.0313,-128.062,4,8.685e+08,4,1,0,
392,1,1513133888024,1514944326180,12,-3.76583,-120.797,2,8.685e+08,4,1,0,
392,2,1513133888024,1514944330317,12,-10.6095,-127.64,2,8.685e+08,4,1,0,
15,1,1519684044005,1521494482247,12,-4.25422,-121.285,2,8.685e+08,4,1,0,
15,2,1519684044005,1521494495836,12,-21.7101,-138.741,2,8.685e+08,4,1,0,
15,4,1519684044005,1521494492981,12,-16.239,-133.27,2,8.685e+08,4,1,0,
298,1,1528584602341,1530395040529,12,3.0107,-114.02,4,8.685e+08,4,1,0,
298,2,1528584602341,1530395043733,12,-16.136,-133.167,4,8.685e+08,4,1,0,
298,3,1528584602341,1530395049698,12,-19.2976,-136.328,4,8.685e+08,4,1,0,
298,4,1528584602341,1530395054373,12,-21.4969,-138.528,4,8.685e+08,4,1,0,
158,1,1516526807155,1518337245892,12,2.17198,-114.859,4,8.685e+08,4,1,0,
98,1,1515078941438,1515531554670,10,-14.0769,-131.108,2,8.685e+08,4,1,0,
98,4,1515078941438,1515531566145,10,-13.8723,-130.903,2,8.685e+08,4,1,0,
135,4,1516190228883,1518000668291,12,-6.07805,-123.109,4,8.685e+08,4,1,0,
118,1,1519701606859,1520154219986,10,-1.1904,-118.221,2,8.685e+08,4,1,0,
118,2,1519701606859,1520154227105,10,-15.3419,-132.373,2,8.685e+08,4,1,0,
252,1,1521185197590,1521318833500,8,10.6112,-106.42,4,8.685e+08,4,1,0,
224,1,1516719001354,1516965789913,9,-4.32064,-121.352,4,8.685e+08,4,1,0,
224,2,1516719001354,1516965799781,9,-12.9202,-129.951,4,8.685e+08,4,1,0,
297,1,1522458189472,1522704978010,9,2.63653,-114.394,4,8.685e+08,4,1,0,
113,1,1521012807901,1521999949354,11,2.39236,-114.639,4,8.685e+08,4,1,0,
113,2,1521012807901,1521999954341,11,-18.0632,-135.094,4,8.685e+08,4,1,0,
113,3,1521012807901,1521999954104,11,-13.4187,-130.45,4,8.685e+08,4,1,0,
113,4,1521012807901,1521999959399,11,-14.3477,-131.379,4,8.685e+08,4,1,0,
267,1,1522747132632,1524557572545,12,-5.31528,-122.346,4,8.685e+08,4,1,0,
148,1,1523814216180,1523886153108,7,33.0008,-84.0301,2,8.685e+08,4,1,0,
310,1,1526211855340,1528022295441,12,-3.37013,-120.401,4,8.685e+08,4,1,0,
310,3,1526211855340,1528022310115,12,-21.1494,-138.18,4,8.685e+08,4,1,0,
310,4,1526211855340,1528022307246,12,-20.5238,-137.555,4,8.685e+08,4,1,0,
291,1,1529351971900,1530339113215,11,2.96608,-114.065,4,8.685e+08,4,1,0,
291,4,1529351971900,1530339118013,11,-2.28082,-119.312,4,8.685e+08,4,1,0,
164,1,1532178360264,1533165502256,11,-2.7823,-119.813,4,8.685e+08,4,1,0,
164,3,1532178360264,1533165513066,11,-18.5587,-135.59,4,8.685e+08,4,1,0,
164,4,1532178360264,1533165507075,11,-10.7866,-127.818,4,8.685e+08,4,1,0,
235,1,1529191136163,1529263074271,7,24.331,-92.6999,2,8.685e+08,4,1,0,
28,1,1535627199097,1535760834964,8,3.28297,-113.748,4,8.685e+08,4,1,0,
181,3,1534513897649,1534966516716,10,-12.4909,-129.522,2,8.685e+08,4,1,0,
181,4,1534513897649,1534966516268,10,-6.8188,-123.85,2,8.685e+08,4,1,0,
304,1,1534986418830,1536796858994,12,-7.50685,-124.538,4,8.685e+08,4,1,0,
304,2,1534986418830,1536796868218,12,-22.3209,-139.352,4,8.685e+08,4,1,0,
304,3,1534986418830,1536796860072,12,-12.9364,-129.967,4,8.685e+08,4,1,0,
304,4,1534986418830,1536796858897,12,-20.6931,-137.724,4,8.685e+08,4,1,0,
403,1,1531878030959,1531949968096,7,26.6196,-90.4113,2,8.685e+08,4,1,0,
12,1,1531423327107,1533233767038,12,-8.50209,-125.533,4,8.685e+08,4,1,0,
221,1,1536796485459,1537249098286,10,2.06368,-114.967,2,8.685e+08,4,1,0,
221,4,1536796485459,1537249108284,10,-15.1113,-132.142,2,8.685e+08,4,1,0,
151,1,1534322877587,1534775490880,10,6.00309,-111.028,2,8.685e+08,4,1,0,
5,1,1533249952354,1533496740524,9,0.428731,-116.602,2,8.685e+08,4,1,0,
287,1,1538096436980,1538168375733,7,16.4985,-100.532,4,8.685e+08,4,1,0,
154,1,1544526413898,1544773202311,9,4.5005,-112.53,4,8.685e+08,4,1,0,
154,2,1544526413898,1544773208408,9,-10.5285,-127.559,4,8.685e+08,4,1,0,
58,1,1548859766350,1549846908347,11,-3.86988,-120.901,4,8.685e+08,4,1,0,
58,3,1548859766350,1549846916006,11,-12.7788,-129.81,4,8.685e+08,4,1,0,
58,4,1548859766350,1549846911136,11,-8.23726,-125.268,4,8.685e+08,4,1,0,
296,2,1538732263710,1540542706480,12,-17.6019,-134.633,2,8.685e+08,4,1,0,
296,3,1538732263710,1540542703643,12,-5.3479,-122.379,2,8.685e+08,4,1,0,
185,1,1540151993556,1541962432782,12,1.03974,-115.991,4,8.685e+08,4,1,0,
185,4,1540151993556,1541962435270,12,-11.2696,-128.301,4,8.685e+08,4,1,0,
375,2,1540845520807,1542655963863,12,-13.0786,-130.109,4,8.685e+08,4,1,0,
375,3,1540845520807,1542655960023,12,-6.85496,-123.886,4,8.685e+08,4,1,0,
300,1,1544618876018,1545606017595,11,1.16762,-115.863,4,8.685e+08,4,1,0,
300,2,1544618876018,1545606031763,11,-18.0706,-135.101,4,8.685e+08,4,1,0,
300,3,1544618876018,1545606027825,11,-18.1502,-135.181,4,8.685e+08,4,1,0,
300,4,1544618876018,1545606022335,11,-11.2942,-128.325,4,8.685e+08,4,1,0,
334,1,1542956103490,1543408716635,10,3.73844,-113.292,2,8.685e+08,4,1,0,
333,1,1542308560787,1542761173697,10,1.90784,-115.123,4,8.685e+08,4,1,0,
333,2,1542308560787,1542761181386,10,-14.681,-131.712,4,8.685e+08,4,1,0,
62,1,1543534073964,1545344513758,12,-12.1826,-129.213,4,8.685e+08,4,1,0,
62,2,1543534073964,1545344513510,12,-2.1803,-119.211,4,8.685e+08,4,1,0,
62,3,1543534073964,1545344520908,12,-20.7485,-137.779,4,8.685e+08,4,1,0,
21,1,1547170805151,1548981245588,12,-6.88996,-123.921,4,8.685e+08,4,1,0,
21,2,1547170805151,1548981252104,12,-17.1574,-134.188,4,8.685e+08,4,1,0,
25,1,1546571440624,1546705076425,8,-0.436445,-117.467,2,8.685e+08,4,1,0,
127,1,1550145455475,1550279091290,8,10.0642,-106.967,4,8.685e+08,4,1,0,
127,2,1550145455475,1550279098350,8,-10.1052,-127.136,4,8.685e+08,4,1,0,
314,1,1551152117150,1552139259017,11,3.26286,-113.768,4,8.685e+08,4,1,0,
314,4,1551152117150,1552139268929,11,-15.169,-132.2,4,8.685e+08,4,1,0,
183,1,1557129456774,1558116598674,11,-3.65387,-120.685,2,8.685e+08,4,1,0,
183,2,1557129456774,1558116601770,11,-11.4945,-128.525,2,8.685e+08,4,1,0,
183,3,1557129456774,1558116604340,11,-16.5351,-133.566,2,8.685e+08,4,1,0,
278,1,1558335086651,1560145525528,12,-1.21655,-118.247,4,8.685e+08,4,1,0,
35,1,1549822311886,1549894250696,7,12.0247,-105.006,4,8.685e+08,4,1,0,
146,1,1552056190024,1553866629930,12,-3.68871,-120.72,4,8.685e+08,4,1,0,
146,2,1552056190024,1553866633133,12,-15.1064,-132.137,4,8.685e+08,4,1,0,
283,1,1557472646524,1557544584728,7,20.4892,-96.5417,2,8.685e+08,4,1,0,
194,3,1552216373398,1554026826780,12,-20.3812,-137.412,4,8.685e+08,4,1,0,
211,1,1553974777327,1554046715038,7,26.0377,-90.9932,2,8.685e+08,4,1,0,
320,1,1557864158702,1557936097966,7,7.29842,-109.732,2,8.685e+08,4,1,0,
320,2,1557864158702,1557936106174,7,-9.45933,-126.49,2,8.685e+08,4,1,0,
253,2,1559851572581,1561662018135,12,-16.6125,-133.643,2,8.685e+08,4,1,0,
253,3,1559851572581,1561662012660,12,-6.49065,-123.522,2,8.685e+08,4,1,0,
253,4,1559851572581,1561662016483,12,-12.6201,-129.651,2,8.685e+08,4,1,0,
261,1,1563305496380,1563377434406,7,17.1332,-99.8976,2,8.685e+08,4,1,0,
281,1,1558513478034,1558585416667,7,15.7119,-101.319,2,8.685e+08,4,1,0,
399,4,1558211519706,1560021959602,12,-7.38575,-124.417,4,8.685e+08,4,1,0,
305,1,1572287381225,1574097820863,12,-12.2391,-129.27,2,8.685e+08,4,1,0,
305,2,1572287381225,1574097820333,12,-0.409912,-117.441,2,8.685e+08,4,1,0,
352,1,1560997254496,1562807694357,12,-6.66084,-123.692,4,8.685e+08,4,1,0,
8,1,1566502827479,1566955440480,10,-0.823712,-117.855,2,8.685e+08,4,1,0,
100,1,1567719407558,1567966195773,9,9.56659,-107.464,2,8.685e+08,4,1,0,
343,1,1566145211048,1567955649855,12,-21.358,-138.389,2,8.685e+08,4,1,0,
343,3,1566145211048,1567955658777,12,-22.0182,-139.049,2,8.685e+08,4,1,0,
343,4,1566145211048,1567955652102,12,-9.32598,-126.357,2,8.685e+08,4,1,0,
294,1,1563118745640,1563190684110,7,7.60289,-109.428,4,8.685e+08,4,1,0,
116,1,1570904085838,1571891227822,11,4.12465,-112.906,2,8.685e+08,4,1,0,
116,2,1570904085838,1571891231569,11,-16.635,-133.666,2,8.685e+08,4,1,0,
312,1,1568076447146,1569886886802,12,0.357461,-116.673,4,8.685e+08,4,1,0,
312,2,1568076447146,1569886889817,12,-9.8134,-126.844,4,8.685e+08,4,1,0,
312,4,1568076447146,1569886901294,12,-19.7209,-136.752,4,8.685e+08,4,1,0,
222,3,1572035290530,1573845731385,12,-6.60266,-123.634,4,8.685e+08,4,1,0,
222,4,1572035290530,1573845730696,12,-7.06526,-124.096,4,8.685e+08,4,1,0,
27,1,1575745708708,1576198321551,10,-2.76292,-119.794,4,8.685e+08,4,1,0,
27,2,1575745708708,1576198327767,10,-14.9859,-132.017,4,8.685e+08,4,1,0,
195,1,1570567068606,1572377507796,12,-13.4301,-130.461,2,8.685e+08,4,1,0,
99,1,1572025227552,1573012369195,11,-12.9983,-130.029,2,8.685e+08,4,1,0,
99,3,1572025227552,1573012373764,11,-15.3171,-132.348,2,8.685e+08,4,1,0,
99,4,1572025227552,1573012379307,11,-17.2589,-134.29,2,8.685e+08,4,1,0,
223,2,1576456345688,1578266788014,12,-6.12586,-123.157,2,8.685e+08,4,1,0,
122,1,1580307584876,1580379524301,7,5.99071,-111.04,2,8.685e+08,4,1,0,
286,4,1577377946967,1579188387425,12,-0.591634,-117.623,4,8.685e+08,4,1,0,
360,1,1578521922578,1580332361574,12,-3.26745,-120.298,2,8.685e+08,4,1,0,
141,1,1579650265520,1579722203786,7,23.1622,-93.8687,2,8.685e+08,4,1,0,
201,3,1580123732599,1581934173909,12,-9.53127,-126.562,2,8.685e+08,4,1,0,
24,4,1580552484317,1582362924011,12,-1.43113,-118.462,2,8.685e+08,4,1,0,
20,1,1585365118123,1585611906432,9,2.88744,-114.143,2,8.685e+08,4,1,0,
20,3,1585365118123,1585611912639,9,-11.0352,-128.066,2,8.685e+08,4,1,0,
318,2,1581162505011,1582972950348,12,-13.7306,-130.761,2,8.685e+08,4,1,0,
385,1,1582988967146,1583235755627,9,6.36206,-110.669,4,8.685e+08,4,1,0,
54,1,1583183019949,1583635632728,10,4.47295,-112.558,2,8.685e+08,4,1,0,
54,3,1583183019949,1583635638110,10,-6.37741,-123.408,2,8.685e+08,4,1,0,
54,4,1583183019949,1583635639680,10,-12.5519,-129.583,2,8.685e+08,4,1,0,
255,1,1583422483558,1583669271834,9,3.48795,-113.543,2,8.685e+08,4,1,0,
197,1,1586720028528,1586791966217,7,25.7063,-91.3246,2,8.685e+08,4,1,0,
200,1,1586494175119,1588304613236,12,0.244936,-116.786,4,8.685e+08,4,1,0,
200,2,1586494175119,1588304625657,12,-16.6493,-133.68,4,8.685e+08,4,1,0,
369,1,1584707361483,1584779300065,7,5.361,-111.67,4,8.685e+08,4,1,0,
274,1,1584581139067,1584714775174,8,10.6492,-106.382,2,8.685e+08,4,1,0,
23,1,1587095169340,1587167108337,7,12.5666,-104.464,2,8.685e+08,4,1,0,
341,1,1586346119437,1587333261265,11,1.46769,-115.563,4,8.685e+08,4,1,0,
341,2,1586346119437,1587333271739,11,-16.3426,-133.374,4,8.685e+08,4,1,0,
341,4,1586346119437,1587333265114,11,-9.26031,-126.291,4,8.685e+08,4,1,0,
363,1,1587293668323,1587365607771,7,10.0595,-106.971,4,8.685e+08,4,1,0,
149,1,1589852192926,1589924131524,7,6.21022,-110.821,4,8.685e+08,4,1,0,
236,1,1590677889553,1590749829153,7,-7.0189,-124.05,4,8.685e+08,4,1,0,
50,1,1589580491677,1591390930264,12,-4.31712,-121.348,2,8.685e+08,4,1,0,
330,1,1597896473846,1599706912799,12,-1.70578,-118.737,2,8.685e+08,4,1,0,
330,2,1597896473846,1599706914971,12,-7.90632,-124.937,2,8.685e+08,4,1,0,
342,1,1591422710534,1591669498676,9,7.26314,-109.768,4,8.685e+08,4,1,0,
299,1,1591093382441,1592080524282,11,1.26474,-115.766,4,8.685e+08,4,1,0,
299,4,1591093382441,1592080530841,11,-17.1212,-134.152,4,8.685e+08,4,1,0,
161,3,1590367328961,1592177767555,12,-3.80741,-120.838,4,8.685e+08,4,1,0,
161,4,1590367328961,1592177774507,12,-15.9739,-133.005,4,8.685e+08,4,1,0,
45,1,1592396202501,1592848815772,10,6.06156,-110.969,2,8.685e+08,4,1,0,
45,4,1592396202501,1592848823509,10,-15.0006,-132.031,2,8.685e+08,4,1,0,
134,3,1598044351664,1599854797623,12,-18.95,-135.981,2,8.685e+08,4,1,0,
134,4,1598044351664,1599854790605,12,-6.53248,-123.563,2,8.685e+08,4,1,0,
316,4,1606205651837,1608016090438,12,1.34133,-115.69,4,8.685e+08,4,1,0,
39,1,1598366950848,1598438889902,7,4.77475,-112.256,4,8.685e+08,4,1,0,
386,1,1593858085191,1593930023158,7,17.5194,-99.5115,4,8.685e+08,4,1,0,
133,2,1606073181551,1607883621726,12,-6.37781,-123.409,2,8.685e+08,4,1,0,
133,3,1606073181551,1607883622786,12,-11.7042,-128.735,2,8.685e+08,4,1,0,
389,1,1607429620983,1609240060244,12,-1.94181,-118.973,2,8.685e+08,4,1,0,
389,4,1607429620983,1609240061648,12,-2.14395,-119.175,2,8.685e+08,4,1,0,
388,1,1600742365726,1600876001636,8,11.3794,-105.651,2,8.685e+08,4,1,0,
260,1,1622993587559,1623446200625,10,-3.40129,-120.432,2,8.685e+08,4,1,0,
260,2,1622993587559,1623446208513,10,-13.4667,-130.498,2,8.685e+08,4,1,0,
401,1,1610945513453,1611398126516,10,-5.86853,-122.899,4,8.685e+08,4,1,0,
401,4,1610945513453,1611398133701,10,-11.2726,-128.303,4,8.685e+08,4,1,0,
270,3,1610271873525,1612082320686,12,-18.9739,-136.005,2,8.685e+08,4,1,0,
270,4,1610271873525,1612082312635,12,-3.01554,-120.046,2,8.685e+08,4,1,0,
331,1,1608603420246,1608850208466,9,1.13918,-115.892,4,8.685e+08,4,1,0,
251,1,1621533054858,1621604992741,7,25.2704,-91.7605,2,8.685e+08,4,1,0,
402,1,1612845546657,1612979182392,8,-0.893251,-117.924,4,8.685e+08,4,1,0,
254,1,1613145053111,1614955492268,12,1.78271,-115.248,2,8.685e+08,4,1,0,
254,2,1613145053111,1614955494327,12,-11.082,-128.113,2,8.685e+08,4,1,0,
254,3,1613145053111,1614955501455,12,-19.9124,-136.943,2,8.685e+08,4,1,0,
378,1,1615537799250,1617348239336,12,-1.72986,-118.761,4,8.685e+08,4,1,0,
378,3,1615537799250,1617348252802,12,-21.0857,-138.117,4,8.685e+08,4,1,0,
321,1,1619303912580,1619756525267,10,0.23089,-116.8,2,8.685e+08,4,1,0,
321,2,1619303912580,1619756531159,10,-12.2528,-129.284,2,8.685e+08,4,1,0,
321,4,1619303912580,1619756536425,10,-16.4506,-133.481,2,8.685e+08,4,1,0,
364,1,1617077484027,1618887922922,12,1.04163,-115.989,4,8.685e+08,4,1,0,
364,4,1617077484027,1618887923870,12,-2.72723,-119.758,4,8.685e+08,4,1,0,
269,1,1623351963055,1623485598676,8,3.61255,-113.418,4,8.685e+08,4,1,0,
95,1,1628956173692,1629089809373,8,2.00929,-115.022,2,8.685e+08,4,1,0,
48,1,1630035870412,1630169506332,8,3.00503,-114.026,2,8.685e+08,4,1,0,
48,4,1630035870412,1630169513178,8,-8.17641,-125.207,2,8.685e+08,4,1,0,
230,1,1623111397644,1624921836353,12,-0.268194,-117.299,2,8.685e+08,4,1,0,
230,2,1623111397644,1624921837662,12,-3.77611,-120.807,2,8.685e+08,4,1,0,
230,3,1623111397644,1624921842982,12,-16.5822,-133.613,2,8.685e+08,4,1,0,
123,4,1622479185359,1624289628204,12,-13.0059,-130.037,2,8.685e+08,4,1,0,
358,1,1629176884049,1629248823365,7,11.3858,-105.645,4,8.685e+08,4,1,0,
353,1,1631862800761,1633673239893,12,-2.72645,-119.757,4,8.685e+08,4,1,0,
353,2,1631862800761,1633673240344,12,-1.99246,-119.023,4,8.685e+08,4,1,0,
353,3,1631862800761,1633673244929,12,-13.7378,-130.769,4,8.685e+08,4,1,0,
139,1,1623608311506,1623855099669,9,-1.90541,-118.936,4,8.685e+08,4,1,0,
139,2,1623608311506,1623855106933,9,-10.7406,-127.772,4,8.685e+08,4,1,0,
139,3,1623608311506,1623855106619,9,-9.94521,-126.976,4,8.685e+08,4,1,0,
188,1,1624329941855,1625317083702,11,-2.47527,-119.506,4,8.685e+08,4,1,0,
188,2,1624329941855,1625317091567,11,-19.1158,-136.147,4,8.685e+08,4,1,0,
188,4,1624329941855,1625317098325,11,-19.4324,-136.463,4,8.685e+08,4,1,0,
336,1,1626314248059,1628124687088,12,0.123253,-116.908,2,8.685e+08,4,1,0,
248,1,1631721621928,1631793559104,7,23.5751,-93.4558,2,8.685e+08,4,1,0,
362,3,1638066634340,1639053780343,11,-9.41223,-126.443,4,8.685e+08,4,1,0,
362,4,1638066634340,1639053780393,11,-4.44619,-121.477,4,8.685e+08,4,1,0,
285,1,1635495481059,1636482622833,11,-2.41242,-119.443,2,8.685e+08,4,1,0,
240,3,1634316148650,1636126598878,12,-20.9314,-137.962,4,8.685e+08,4,1,0,
240,4,1634316148650,1636126591817,12,-16.9005,-133.931,4,8.685e+08,4,1,0,
246,1,1636383509377,1636630297573,9,10.924,-106.107,2,8.685e+08,4,1,0,
246,4,1636383509377,1636630304925,9,-10.6314,-127.662,2,8.685e+08,4,1,0,
196,1,1636500526115,1638310964681,12,0.655134,-116.376,2,8.685e+08,4,1,0,
196,3,1636500526115,1638310978014,12,-18.5298,-135.561,2,8.685e+08,4,1,0,
196,4,1636500526115,1638310972617,12,-17.2743,-134.305,2,8.685e+08,4,1,0,
365,1,1641531259482,1643341699710,12,-17.1945,-134.225,4,8.685e+08,4,1,0,
365,2,1641531259482,1643341697929,12,-2.06382,-119.095,4,8.685e+08,4,1,0,
365,3,1641531259482,1643341704258,12,-18.5299,-135.561,4,8.685e+08,4,1,0,
365,4,1641531259482,1643341711600,12,-18.9877,-136.019,4,8.685e+08,4,1,0,
81,1,1636282561502,1637269703378,11,-6.6791,-123.71,4,8.685e+08,4,1,0,
81,4,1636282561502,1637269708612,11,-13.94,-130.971,4,8.685e+08,4,1,0,
371,1,1694997334806,1695449947662,10,-9.08867,-126.12,2,8.685e+08,4,1,0,
371,2,1694997334806,1695449952639,10,-10.2968,-127.328,2,8.685e+08,4,1,0,
371,3,1694997334806,1695449955455,10,-12.9053,-129.936,2,8.685e+08,4,1,0,
404,1,1643907246928,1645717687243,12,-18.2399,-135.271,2,8.685e+08,4,1,0,
404,4,1643907246928,1645717685593,12,-1.78187,-118.813,2,8.685e+08,4,1,0,
33,1,1649037044672,1650847483088,12,-3.56035,-120.591,2,8.685e+08,4,1,0,
33,2,1649037044672,1650847485167,12,-4.71459,-121.745,2,8.685e+08,4,1,0,
33,3,1649037044672,1650847488120,12,-8.63992,-125.671,2,8.685e+08,4,1,0,
49,1,1638305696204,1639292838192,11,6.10155,-110.929,2,8.685e+08,4,1,0,
49,2,1638305696204,1639292841046,11,-7.43604,-124.467,2,8.685e+08,4,1,0,
142,1,1640126831724,1640579444452,10,2.39269,-114.638,4,8.685e+08,4,1,0,
142,3,1640126831724,1640579449683,10,-13.503,-130.534,4,8.685e+08,4,1,0,
142,4,1640126831724,1640579452427,10,-14.2994,-131.33,4,8.685e+08,4,1,0,
349,1,1647736520583,1649546959540,12,-2.15432,-119.185,4,8.685e+08,4,1,0,
349,4,1647736520583,1649546961172,12,-6.25499,-123.286,4,8.685e+08,4,1,0,
51,1,1649326869440,1649398808030,7,20.7094,-96.3215,2,8.685e+08,4,1,0,
262,1,1643383769641,1643836382906,10,-10.1513,-127.182,4,8.685e+08,4,1,0,
262,2,1643383769641,1643836389366,10,-12.6019,-129.633,4,8.685e+08,4,1,0,
75,1,1644212124840,1644284063395,7,3.87954,-113.151,4,8.685e+08,4,1,0,
75,4,1644212124840,1644284072981,7,-7.31386,-124.345,4,8.685e+08,4,1,0,
157,1,1646877691967,1646949630187,7,11.4756,-105.555,4,8.685e+08,4,1,0,
190,1,1644927624582,1644999563338,7,3.92717,-113.104,2,8.685e+08,4,1,0,
144,2,1658680866213,1660491315297,12,-18.8301,-135.861,2,8.685e+08,4,1,0,
115,1,1650920655968,1650992593300,7,35.8733,-81.1576,2,8.685e+08,4,1,0,
265,1,1653123602283,1653257238285,8,8.13628,-108.895,4,8.685e+08,4,1,0,
110,3,1650654391389,1652464832202,12,-8.13854,-125.169,2,8.685e+08,4,1,0,
110,4,1650654391389,1652464831930,12,-2.61592,-119.647,2,8.685e+08,4,1,0,
68,1,1652959655853,1654770094730,12,-4.41364,-121.445,2,8.685e+08,4,1,0,
68,2,1652959655853,1654770096898,12,-14.634,-131.665,2,8.685e+08,4,1,0,
132,1,1652602857999,1653589999476,11,1.5793,-115.452,2,8.685e+08,4,1,0,
132,3,1652602857999,1653590004219,11,-5.87539,-122.906,2,8.685e+08,4,1,0,
132,4,1652602857999,1653590004385,11,-14.9804,-132.011,2,8.685e+08,4,1,0,
85,1,1656216568037,1656350203730,8,11.8377,-105.193,2,8.685e+08,4,1,0,
163,1,1656601478041,1656673414988,7,37.501,-79.5299,2,8.685e+08,4,1,0,
396,4,1657024228652,1658834670600,12,-17.328,-134.359,2,8.685e+08,4,1,0,
219,3,1655316034841,1657126476878,12,-9.6365,-126.667,2,8.685e+08,4,1,0,
219,4,1655316034841,1657126475181,12,-9.70721,-126.738,2,8.685e+08,4,1,0,
366,1,1658310411472,1658763024301,10,4.49932,-112.532,4,8.685e+08,4,1,0,
40,4,1662801309345,1663788463153,11,-16.3167,-133.348,4,8.685e+08,4,1,0,
302,3,1665210406232,1667020848753,12,-11.1592,-128.19,4,8.685e+08,4,1,0,
302,4,1665210406232,1667020847306,12,-3.01364,-120.045,4,8.685e+08,4,1,0,
326,1,1658297108804,1660107548075,12,-2.93746,-119.968,4,8.685e+08,4,1,0,
258,1,1663134973061,1664122114696,11,2.98299,-114.048,2,8.685e+08,4,1,0,
258,3,1663134973061,1664122121632,11,-18.9553,-135.986,2,8.685e+08,4,1,0,
89,2,1663938893839,1664926039209,11,-13.2843,-130.315,4,8.685e+08,4,1,0,
89,3,1663938893839,1664926043823,11,-18.5642,-135.595,4,8.685e+08,4,1,0,
55,1,1664794778227,1665041566724,9,4.91028,-112.121,2,8.685e+08,4,1,0,
91,1,1665154912917,1665288548944,8,12.572,-104.459,2,8.685e+08,4,1,0,
150,1,1666409852946,1668220292205,12,0.0637679,-116.967,2,8.685e+08,4,1,0,
150,2,1666409852946,1668220293137,12,-1.00863,-118.04,2,8.685e+08,4,1,0,
108,1,1664191988518,1665179130512,11,-0.565214,-117.596,4,8.685e+08,4,1,0,
382,1,1665953397527,1666940539558,11,-1.13788,-118.169,4,8.685e+08,4,1,0,
382,2,1665953397527,1666940543008,11,-7.63749,-124.668,4,8.685e+08,4,1,0,
322,1,1680035122691,1680281910990,9,7.78224,-109.249,4,8.685e+08,4,1,0,
322,4,1680035122691,1680281917669,9,-9.89416,-126.925,4,8.685e+08,4,1,0,
284,1,1679182818548,1680169960364,11,-5.47383,-122.505,4,8.685e+08,4,1,0,
395,1,1669805781180,1670258393862,10,9.01464,-108.016,2,8.685e+08,4,1,0,
143,1,1670384511054,1672194949421,12,-2.96932,-120,4,8.685e+08,4,1,0,
143,3,1670384511054,1672194960308,12,-22.0158,-139.047,4,8.685e+08,4,1,0,
143,4,1670384511054,1672194953966,12,-15.0685,-132.099,4,8.685e+08,4,1,0,
340,1,1678300970710,1678372909241,7,17.3781,-99.6528,4,8.685e+08,4,1,0,
323,1,1674669898397,1676480338540,12,-0.279514,-117.31,2,8.685e+08,4,1,0,
323,2,1674669898397,1676480341798,12,-19.0517,-136.083,2,8.685e+08,4,1,0,
323,3,1674669898397,1676480337170,12,-6.70413,-123.735,2,8.685e+08,4,1,0,
323,4,1674669898397,1676480344452,12,-17.5525,-134.583,2,8.685e+08,4,1,0,
32,1,1682562957288,1684373395332,12,-21.1966,-138.228,2,8.685e+08,4,1,0,
32,2,1682562957288,1684373400843,12,-18.3905,-135.421,2,8.685e+08,4,1,0,
32,3,1682562957288,1684373398135,12,-14.41,-131.441,2,8.685e+08,4,1,0,
32,4,1682562957288,1684373403310,12,-15.3948,-132.426,2,8.685e+08,4,1,0,
257,1,1679017425989,1680827866130,12,-15.2841,-132.315,2,8.685e+08,4,1,0,
257,4,1679017425989,1680827865675,12,-12.2308,-129.262,2,8.685e+08,4,1,0,
205,1,1688939565704,1690750004004,12,-2.86522,-119.896,2,8.685e+08,4,1,0,
309,1,1677424060987,1677670849541,9,2.1988,-114.832,2,8.685e+08,4,1,0,
309,2,1677424060987,1677670855765,9,-11.1692,-128.2,2,8.685e+08,4,1,0,
138,3,1688949881313,1689402498971,10,-12.2708,-129.302,4,8.685e+08,4,1,0,
138,4,1688949881313,1689402502152,10,-14.8357,-131.867,4,8.685e+08,4,1,0,
112,3,1691850580784,1692837731408,11,-18.2377,-135.269,2,8.685e+08,4,1,0,
112,4,1691850580784,1692837725952,11,-16.6673,-133.698,2,8.685e+08,4,1,0,
105,1,1691022450051,1692009591883,11,-7.52732,-124.558,4,8.685e+08,4,1,0,
105,4,1691022450051,1692009597891,11,-14.9045,-131.935,4,8.685e+08,4,1,0,
173,2,1691644930696,1693455371163,12,-13.0412,-130.072,2,8.685e+08,4,1,0,
173,3,1691644930696,1693455377139,12,-11.626,-128.657,2,8.685e+08,4,1,0,
74,1,1686105425085,1687092566661,11,-4.46222,-121.493,2,8.685e+08,4,1,0,
83,1,1690590001578,1692400441368,12,-5.37448,-122.405,2,8.685e+08,4,1,0,
288,1,1698943149024,1700753587969,12,-3.83487,-120.866,4,8.685e+08,4,1,0,
288,2,1698943149024,1700753589263,12,-2.30462,-119.336,4,8.685e+08,4,1,0,
7,1,1693142968056,1694953408288,12,-8.97296,-126.004,4,8.685e+08,4,1,0,
7,3,1693142968056,1694953411564,12,-10.6192,-127.65,4,8.685e+08,4,1,0,
7,4,1693142968056,1694953406705,12,-7.71654,-124.747,4,8.685e+08,4,1,0,
210,1,1694658261242,1694730200088,7,10.1986,-106.832,4,8.685e+08,4,1,0,
187,1,1692405678299,1692539314016,8,11.7399,-105.291,2,8.685e+08,4,1,0,
145,1,1705230684124,1705302622987,7,0.415545,-116.615,4,8.685e+08,4,1,0,
145,2,1705230684124,1705302632598,7,-8.26232,-125.293,4,8.685e+08,4,1,0,
311,1,1693134997620,1693268633294,8,3.7793,-113.252,2,8.685e+08,4,1,0,
381,1,1694425151283,1694671939507,9,1.05842,-115.972,2,8.685e+08,4,1,0,
67,1,1699995890884,1700067828661,7,20.992,-96.0389,2,8.685e+08,4,1,0,
218,1,1703149094864,1703221033761,7,19.9911,-97.0398,2,8.685e+08,4,1,0,
44,1,1695573808271,1695645746696,7,17.0001,-100.031,2,8.685e+08,4,1,0,
44,3,1695573808271,1695645756551,7,-8.92792,-125.959,2,8.685e+08,4,1,0,
354,1,1701833044556,1703643484577,12,-3.10658,-120.137,2,8.685e+08,4,1,0,
354,2,1701833044556,1703643495332,12,-20.519,-137.55,2,8.685e+08,4,1,0,
354,3,1701833044556,1703643487613,12,-20.5271,-137.558,2,8.685e+08,4,1,0,
354,4,1701833044556,1703643483585,12,-2.89322,-119.924,2,8.685e+08,4,1,0,
162,1,1707220342509,1709030780610,12,-5.49292,-122.524,4,8.685e+08,4,1,0,
162,2,1707220342509,1709030793658,12,-22.1488,-139.18,4,8.685e+08,4,1,0,
162,3,1707220342509,1709030788297,12,-20.5864,-137.617,4,8.685e+08,4,1,0,
162,4,1707220342509,1709030783227,12,-12.9059,-129.937,4,8.685e+08,4,1,0,
397,2,1717596395495,1719406840018,12,-8.59401,-125.625,2,8.685e+08,4,1,0,
69,1,1712621878634,1714432317444,12,-0.313902,-117.345,2,8.685e+08,4,1,0,
69,2,1712621878634,1714432320587,12,-5.65025,-122.681,2,8.685e+08,4,1,0,
259,1,1704319427372,1704566215502,9,4.37175,-112.659,4,8.685e+08,4,1,0,
259,3,1704319427372,1704566223763,9,-14.3032,-131.334,4,8.685e+08,4,1,0,
259,4,1704319427372,1704566222014,9,-8.71941,-125.75,4,8.685e+08,4,1,0,
290,1,1703845410692,1704832552111,11,-0.759263,-117.79,4,8.685e+08,4,1,0,
290,3,1703845410692,1704832566575,11,-16.7373,-133.768,4,8.685e+08,4,1,0,
243,1,1709723563227,1711534003020,12,-6.09,-123.121,4,8.685e+08,4,1,0,
243,2,1709723563227,1711534014604,12,-19.1616,-136.193,4,8.685e+08,4,1,0,
243,3,1709723563227,1711534007366,12,-18.3409,-135.372,4,8.685e+08,4,1,0,
243,4,1709723563227,1711534002154,12,-4.62092,-121.652,4,8.685e+08,4,1,0,
199,1,1709281915950,1709353855011,7,15.0017,-102.029,4,8.685e+08,4,1,0,
126,1,1713433653674,1713886266613,10,-3.59746,-120.628,2,8.685e+08,4,1,0,
126,4,1713433653674,1713886271679,10,-10.3314,-127.362,2,8.685e+08,4,1,0,
370,1,1712618768277,1712690705301,7,22.0344,-94.9965,4,8.685e+08,4,1,0,
220,1,1712514625472,1712761413926,9,4.32991,-112.701,2,8.685e+08,4,1,0,
129,3,1717704548622,1719514989174,12,-8.82984,-125.861,2,8.685e+08,4,1,0,
169,1,1720063948616,1721874387366,12,2.42463,-114.606,2,8.685e+08,4,1,0,
169,3,1720063948616,1721874397741,12,-18.9168,-135.948,2,8.685e+08,4,1,0,
169,4,1720063948616,1721874391000,12,-10.7341,-127.765,2,8.685e+08,4,1,0,
168,4,1714047665075,1715858105308,12,-3.4265,-120.457,4,8.685e+08,4,1,0,
42,1,1716692897452,1718503337035,12,-6.97573,-124.007,4,8.685e+08,4,1,0,
42,4,1716692897452,1718503337550,12,-11.0514,-128.082,4,8.685e+08,4,1,0,
147,1,1718199045142,1718270983753,7,14.3214,-102.709,4,8.685e+08,4,1,0,
207,1,1720213148343,1720285087880,7,3.36499,-113.666,2,8.685e+08,4,1,0,
140,1,1720406227839,1720653016354,9,2.53202,-114.499,4,8.685e+08,4,1,0,
374,1,1722589195217,1724399634363,12,-0.0445243,-117.075,4,8.685e+08,4,1,0,
374,2,1722589195217,1724399636470,12,-7.96711,-124.998,4,8.685e+08,4,1,0,
374,3,1722589195217,1724399643590,12,-16.3887,-133.42,4,8.685e+08,4,1,0,
346,4,1737689287551,1739499730449,12,-7.64434,-124.675,4,8.685e+08,4,1,0,
376,1,1726776765410,1726848702820,7,22.9187,-94.1122,4,8.685e+08,4,1,0,
102,1,1722318749829,1723305891764,11,-5.11862,-122.15,2,8.685e+08,4,1,0,
102,2,1722318749829,1723305899083,11,-16.85,-133.881,2,8.685e+08,4,1,0,
102,3,1722318749829,1723305894600,11,-15.4435,-132.474,2,8.685e+08,4,1,0,
102,4,1722318749829,1723305898151,11,-17.1892,-134.22,2,8.685e+08,4,1,0,
136,1,1725011561746,1725464175044,10,-0.851452,-117.882,2,8.685e+08,4,1,0,
245,4,1722108476869,1723918922573,12,-17.0209,-134.052,4,8.685e+08,4,1,0,
238,1,1726257372206,1728067812089,12,-1.91926,-118.95,4,8.685e+08,4,1,0,
238,2,1726257372206,1728067812363,12,-8.91772,-125.949,4,8.685e+08,4,1,0,
238,3,1726257372206,1728067813678,12,-12.928,-129.959,4,8.685e+08,4,1,0,
9,1,1723485883634,1723557820969,7,29.9112,-87.1197,4,8.685e+08,4,1,0,
36,1,1727571303988,1728558445913,11,-9.97684,-127.008,4,8.685e+08,4,1,0,
34,4,1727896932811,1729707372547,12,-8.26262,-125.294,4,8.685e+08,4,1,0,
57,1,1732926437475,1733379050403,10,1.14872,-115.882,2,8.685e+08,4,1,0,
57,4,1732926437475,1733379059518,10,-11.85,-128.881,2,8.685e+08,4,1,0,
170,1,1736658212912,1738468652682,12,-7.84227,-124.873,2,8.685e+08,4,1,0,
170,2,1736658212912,1738468657932,12,-17.6604,-134.691,2,8.685e+08,4,1,0,
170,3,1736658212912,1738468664846,12,-21.7109,-138.742,2,8.685e+08,4,1,0,
117,1,1736973904402,1737045843213,7,14.3955,-102.635,2,8.685e+08,4,1,0,
63,1,1729356017119,1731166456357,12,-8.66062,-125.692,4,8.685e+08,4,1,0,
63,3,1729356017119,1731166471024,12,-18.8989,-135.93,4,8.685e+08,4,1,0,
209,1,1729056836554,1729509449413,10,6.97418,-110.057,2,8.685e+08,4,1,0,
209,2,1729056836554,1729509461883,10,-16.5012,-133.532,2,8.685e+08,4,1,0,
192,1,1729930573810,1730917715651,11,-7.31948,-124.35,2,8.685e+08,4,1,0,
192,4,1729930573810,1730917725087,11,-17.3529,-134.384,2,8.685e+08,4,1,0,
29,1,1731067256243,1731314044712,9,1.21124,-115.82,4,8.685e+08,4,1,0,
180,1,1732559179173,1732805967409,9,5.47846,-111.552,2,8.685e+08,4,1,0,
264,1,1738317023816,1738563812299,9,6.27531,-110.756,4,8.685e+08,4,1,0,
189,1,1734011239529,1734998381284,11,-11.2881,-128.319,2,8.685e+08,4,1,0,
189,4,1734011239529,1734998391070,11,-14.2345,-131.265,2,8.685e+08,4,1,0,
159,1,1735474375733,1735546313098,7,26.9298,-90.1011,4,8.685e+08,4,1,0,
227,1,1742853170138,1743305783446,10,0.445296,-116.586,4,8.685e+08,4,1,0,
227,2,1742853170138,1743305787729,10,-13.3796,-130.411,4,8.685e+08,4,1,0,
227,3,1742853170138,1743305789819,10,-11.0643,-128.095,4,8.685e+08,4,1,0,
10,1,1745413654848,1746400796611,11,-3.62268,-120.654,4,8.685e+08,4,1,0,
10,2,1745413654848,1746400804917,11,-15.6564,-132.687,4,8.685e+08,4,1,0,
10,3,1745413654848,1746400799985,11,-18.4888,-135.52,4,8.685e+08,4,1,0,
10,4,1745413654848,1746400802428,11,-12.3137,-129.345,4,8.685e+08,4,1,0,
306,1,1739044831293,1739178467204,8,7.11736,-109.914,2,8.685e+08,4,1,0,
16,1,1739196257338,1741006697567,12,-9.23672,-126.268,4,8.685e+08,4,1,0,
16,2,1739196257338,1741006695786,12,-0.503654,-117.535,4,8.685e+08,4,1,0,
16,3,1739196257338,1741006702203,12,-14.7313,-131.762,4,8.685e+08,4,1,0,
131,1,1745774238473,1747584677339,12,-9.9779,-127.009,4,8.685e+08,4,1,0,
131,3,1745774238473,1747584679798,12,-6.79614,-123.827,4,8.685e+08,4,1,0,
131,4,1745774238473,1747584686611,12,-18.5997,-135.631,4,8.685e+08,4,1,0,
94,1,1740464073647,1740536012976,7,2.53051,-114.5,2,8.685e+08,4,1,0,
153,1,1740649845799,1742460284653,12,-4.83046,-121.861,4,8.685e+08,4,1,0,
82,2,1741726045506,1743536495029,12,-18.4318,-135.463,4,8.685e+08,4,1,0,
82,3,1741726045506,1743536487248,12,-8.47397,-125.505,4,8.685e+08,4,1,0,
82,4,1741726045506,1743536485522,12,-4.20561,-121.237,4,8.685e+08,4,1,0,
103,1,1746381774686,1747368916638,11,2.04157,-114.989,4,8.685e+08,4,1,0,
103,4,1746381774686,1747368921068,11,-7.79987,-124.831,4,8.685e+08,4,1,0,
373,2,1745288193929,1747098633832,12,-7.294,-124.325,4,8.685e+08,4,1,0,
119,1,1748748895754,1750559335158,12,-14.935,-131.966,2,8.685e+08,4,1,0,
119,2,1748748895754,1750559340376,12,-14.6591,-131.69,2,8.685e+08,4,1,0,
47,1,1760804765450,1760876703336,7,29.0651,-87.9658,4,8.685e+08,4,1,0,
171,1,1749938928165,1750010867747,7,4.87079,-112.16,4,8.685e+08,4,1,0,
186,1,1750481978455,1750553917433,7,13.2682,-103.763,2,8.685e+08,4,1,0,
380,1,1753576019859,1753709655953,8,2.43408,-114.597,4,8.685e+08,4,1,0,
380,3,1753576019859,1753709664296,8,-11.8313,-128.862,4,8.685e+08,4,1,0,
380,4,1753576019859,1753709662527,8,-10.0083,-127.039,4,8.685e+08,4,1,0,
359,1,1751490162283,1751942775320,10,-0.273657,-117.305,4,8.685e+08,4,1,0,
359,2,1751490162283,1751942781238,10,-14.051,-131.082,4,8.685e+08,4,1,0,
359,3,1751490162283,1751942780600,10,-6.08075,-123.112,4,8.685e+08,4,1,0,
327,1,1752781881685,1753028670076,9,9.59105,-107.44,2,8.685e+08,4,1,0,
11,1,1752091167987,1752163105299,7,24.5644,-92.4665,2,8.685e+08,4,1,0,
282,1,1755842894114,1757653332696,12,-3.67709,-120.708,4,8.685e+08,4,1,0,
282,3,1755842894114,1757653341848,12,-14.2308,-131.262,4,8.685e+08,4,1,0,
282,4,1755842894114,1757653335392,12,-9.37157,-126.402,4,8.685e+08,4,1,0,
31,1,1757203007587,1757655620585,10,0.957238,-116.074,2,8.685e+08,4,1,0,
160,2,1760625775850,1760872570364,9,-9.56781,-126.599,2,8.685e+08,4,1,0,
233,2,1759784708823,1761595149535,12,-4.5113,-121.542,2,8.685e+08,4,1,0,
266,1,1758139554889,1759949994884,12,-2.55546,-119.586,4,8.685e+08,4,1,0,
266,3,1758139554889,1759950009430,12,-22.1253,-139.156,4,8.685e+08,4,1,0,
266,4,1758139554889,1759950007832,12,-19.5314,-136.562,4,8.685e+08,4,1,0,
214,1,1760011906019,1760145541762,8,0.174483,-116.856,4,8.685e+08,4,1,0,
239,3,1762373946228,1764184390201,12,-6.64291,-123.674,2,8.685e+08,4,1,0,
239,4,1762373946228,1764184385274,12,-10.1482,-127.179,2,8.685e+08,4,1,0,
383,1,1762829979618,1763817121569,11,-0.0677982,-117.099,4,8.685e+08,4,1,0,
383,2,1762829979618,1763817125035,11,-10.8841,-127.915,4,8.685e+08,4,1,0,
383,4,1762829979618,1763817132215,11,-16.4126,-133.443,4,8.685e+08,4,1,0,
111,1,1767753431996,1769563870237,12,-1.45736,-118.488,4,8.685e+08,4,1,0,
387,1,1771292966043,1771539754444,9,6.14448,-110.886,2,8.685e+08,4,1,0,
351,1,1764646191775,1766456631361,12,-0.913867,-117.945,2,8.685e+08,4,1,0,
351,4,1764646191775,1766456640289,12,-19.7412,-136.772,2,8.685e+08,4,1,0,
293,2,1767661917786,1769472372336,12,-20.4259,-137.457,4,8.685e+08,4,1,0,
293,4,1767661917786,1769472365389,12,-15.3881,-132.419,4,8.685e+08,4,1,0,
130,3,1769401117767,1771211559787,12,-7.20155,-124.232,4,8.685e+08,4,1,0,
130,4,1769401117767,1771211559499,12,-20.712,-137.743,4,8.685e+08,4,1,0,
400,1,1774144006926,1774215946100,7,3.91536,-113.116,4,8.685e+08,4,1,0,
109,2,1770175108611,1771985547985,12,-5.53439,-122.565,4,8.685e+08,4,1,0,
315,1,1769791169818,1771601609015,12,-1.07702,-118.108,4,8.685e+08,4,1,0,
86,1,1773222888529,1773294827721,7,8.20594,-108.825,4,8.685e+08,4,1,0,
191,4,1774301110789,1776111557594,12,-17.6871,-134.718,2,8.685e+08,4,1,0,
37,1,1770547174270,1770999787332,10,5.52753,-111.503,4,8.685e+08,4,1,0,
37,2,1770547174270,1770999796454,10,-16.5963,-133.627,4,8.685e+08,4,1,0,
37,4,1770547174270,1770999793971,10,-16.6567,-133.688,4,8.685e+08,4,1,0,
64,1,1772059616937,1773870056365,12,-8.57741,-125.608,4,8.685e+08,4,1,0,
64,4,1772059616937,1773870067107,12,-20.0581,-137.089,4,8.685e+08,4,1,0,
272,1,1774754029212,1774825965756,7,46.5782,-70.4527,2,8.685e+08,4,1,0,
263,1,1774897226994,1774969165893,7,16.1268,-100.904,4,8.685e+08,4,1,0,
242,1,1780830190725,1781076979182,9,-1.70943,-118.74,2,8.685e+08,4,1,0,
242,2,1780830190725,1781076986806,9,-7.42657,-124.457,2,8.685e+08,4,1,0,
203,1,1778112895518,1778565508277,10,2.33256,-114.698,4,8.685e+08,4,1,0,
203,2,1778112895518,1778565514211,10,-12.7484,-129.779,4,8.685e+08,4,1,0,
165,1,1782754892207,1783001680802,9,4.91259,-112.118,4,8.685e+08,4,1,0,
60,1,1784843128987,1785295741931,10,-2.19873,-119.23,2,8.685e+08,4,1,0,
73,1,1780555545165,1781008158096,10,1.8796,-115.151,4,8.685e+08,4,1,0,
237,1,1786069545900,1787879985049,12,-10.3876,-127.418,2,8.685e+08,4,1,0,
237,4,1786069545900,1787879994036,12,-16.0711,-133.102,2,8.685e+08,4,1,0,
177,1,1789616281679,1789688219929,7,21.7034,-95.3275,2,8.685e+08,4,1,0,
92,1,1790035181057,1790487794183,10,-2.64632,-119.677,2,8.685e+08,4,1,0,
92,2,1790035181057,1790487802014,10,-16.1078,-133.139,2,8.685e+08,4,1,0,
92,3,1790035181057,1790487798606,10,-12.7122,-129.743,2,8.685e+08,4,1,0,
92,4,1790035181057,1790487801900,10,-13.0724,-130.103,2,8.685e+08,4,1,0,
295,1,1793317311287,1793389250004,7,12.7489,-104.282,2,8.685e+08,4,1,0,
125,4,1788954341044,1790764784603,12,-19.0634,-136.094,4,8.685e+08,4,1,0,
6,2,1790280407643,1792090853692,12,-17.5761,-134.607,2,8.685e+08,4,1,0,
6,3,1790280407643,1792090847803,12,-14.6636,-131.695,2,8.685e+08,4,1,0,
106,1,1790487610395,1790621246206,8,10.5741,-106.457,4,8.685e+08,4,1,0,
106,2,1790487610395,1790621255862,8,-11.1236,-128.155,4,8.685e+08,4,1,0,
231,1,1796710347514,1797162960631,10,-6.05004,-123.081,2,8.685e+08,4,1,0,
231,2,1796710347514,1797162970364,10,-15.3429,-132.374,2,8.685e+08,4,1,0,
390,1,1791323003628,1791775616710,10,5.36933,-111.662,2,8.685e+08,4,1,0,
390,4,1791323003628,1791775624742,10,-15.7445,-132.775,2,8.685e+08,4,1,0,
350,1,1792953846551,1793025786091,7,7.06856,-109.962,2,8.685e+08,4,1,0,
53,1,1793944940935,1794191729512,9,6.32667,-110.704,2,8.685e+08,4,1,0,
53,2,1793944940935,1794191736685,9,-9.39814,-126.429,2,8.685e+08,4,1,0,
53,3,1793944940935,1794191735319,9,-14.2325,-131.263,2,8.685e+08,4,1,0,
339,4,1790535553459,1792346007003,12,-20.808,-137.839,2,8.685e+08,4,1,0,
256,1,1791595228326,1791667166599,7,21.9289,-95.102,2,8.685e+08,4,1,0,
271,1,1796112256029,1797922694542,12,-6.34042,-123.371,2,8.685e+08,4,1,0,
271,4,1796112256029,1797922700305,12,-10.0996,-127.131,2,8.685e+08,4,1,0,
247,1,1799552976151,1801363415746,12,-7.03804,-124.069,4,8.685e+08,4,1,0,
247,3,1799552976151,1801363428627,12,-19.2851,-136.316,4,8.685e+08,4,1,0,
273,1,1805164001694,1805235938685,7,34.6128,-82.4181,2,8.683e+08,5,1,0,
41,1,1795108824070,1795180762795,7,15.6752,-101.356,2,8.685e+08,4,1,0,
217,1,1795049489413,1796036631173,11,2.10023,-114.931,2,8.685e+08,4,1,0,
26,1,1798233729823,1798305668715,7,15.9392,-101.092,2,8.685e+08,4,1,0,
101,1,1798634541136,1799621682641,11,1.83632,-115.195,2,8.685e+08,4,1,0,
101,2,1798634541136,1799621687274,11,-14.8057,-131.837,2,8.685e+08,4,1,0,
101,3,1798634541136,1799621687571,11,-9.43987,-126.471,2,8.685e+08,4,1,0,
101,4,1798634541136,1799621693003,11,-18.9542,-135.985,2,8.685e+08,4,1,0,
361,1,1804645828643,1804717765766,7,34.7543,-82.2766,2,8.683e+08,5,1,0,
178,1,1802988474011,1803122109720,8,6.53714,-110.494,2,8.683e+08,5,1,0,
319,1,1805956363491,1807766802779,12,-3.19185,-120.223,2,8.683e+08,5,1,0,
319,4,1805956363491,1807766806542,12,-12.2892,-129.32,2,8.683e+08,5,1,0,
78,1,1801251736633,1801385372404,8,6.78472,-110.246,2,8.683e+08,5,1,0,
30,1,1802435540954,1804245981141,12,-10.6632,-127.694,4,8.683e+08,5,1,0,
30,2,1802435540954,1804245984484,12,-17.0967,-134.128,4,8.683e+08,5,1,0,
30,3,1802435540954,1804245992205,12,-21.2324,-138.263,4,8.683e+08,5,1,0,
121,2,1804589558159,1806400006996,12,-18.0375,-135.068,4,8.683e+08,5,1,0,
121,4,1804589558159,1806399998783,12,-13.0117,-130.043,4,8.683e+08,5,1,0,
56,1,1811537193227,1811609130149,7,40.2708,-76.7601,2,8.683e+08,5,1,0,
59,1,1814951425528,1815404038530,10,2.30995,-114.721,2,8.683e+08,5,1,0,
59,2,1814951425528,1815404048405,10,-15.431,-132.462,2,8.683e+08,5,1,0,
59,4,1814951425528,1815404044656,10,-9.41039,-126.441,2,8.683e+08,5,1,0,
303,1,1816401930286,1816473868154,7,22.2537,-94.7772,2,8.683e+08,5,1,0,
347,4,1809789850813,1811600294614,12,-16.9998,-134.031,4,8.683e+08,5,1,0,
229,1,1815298999851,1815370938701,7,16.7222,-100.309,4,8.683e+08,5,1,0,
213,1,1812950197769,1814760638127,12,-8.69109,-125.722,4,8.683e+08,5,1,0,
216,1,1815481935483,1815934548467,10,6.35649,-110.674,2,8.683e+08,5,1,0,
79,1,1816642414225,1816714352836,7,16.8754,-100.155,2,8.683e+08,5,1,0,
368,1,1818279983542,1818351920139,7,43.5903,-73.4406,4,8.683e+08,5,1,0,
76,2,1818552874014,1820363316241,12,-16.2727,-133.304,4,8.683e+08,5,1,0,
280,1,1819385699032,1819457636677,7,32.5668,-84.4641,4,8.683e+08,5,1,0,
18,1,1822158425862,1822405214472,9,7.40368,-109.627,2,8.683e+08,5,1,0,
18,3,1822158425862,1822405222489,9,-12.8578,-129.889,2,8.683e+08,5,1,0,
18,4,1822158425862,1822405219950,9,-11.7543,-128.785,2,8.683e+08,5,1,0,
308,1,1820690664021,1820762601815,7,27.4009,-89.63,4,8.683e+08,5,1,0,
43,2,1832880000695,1834690439658,12,-6.95251,-123.983,4,8.683e+08,5,1,0,
43,3,1832880000695,1834690445460,12,-12.9664,-129.997,4,8.683e+08,5,1,0,
377,1,1826870808245,1827117596505,9,7.10532,-109.926,4,8.683e+08,5,1,0,
377,2,1826870808245,1827117603352,9,-8.50992,-125.541,4,8.683e+08,5,1,0,
90,1,1828145334268,1829132475882,11,0.851284,-116.18,2,8.683e+08,5,1,0,
90,2,1828145334268,1829132485532,11,-17.8541,-134.885,2,8.683e+08,5,1,0,
90,3,1828145334268,1829132480155,11,-8.42882,-125.46,2,8.683e+08,5,1,0,
90,4,1828145334268,1829132480833,11,-10.3946,-127.425,2,8.683e+08,5,1,0,
215,2,1822803900080,1824614340182,12,-6.31166,-123.343,4,8.683e+08,5,1,0,
215,3,1822803900080,1824614344392,12,-22.4386,-139.469,4,8.683e+08,5,1,0,
313,1,1823464891967,1825275330393,12,-1.43926,-118.47,4,8.683e+08,5,1,0,
313,4,1823464891967,1825275337682,12,-18.2026,-135.234,4,8.683e+08,5,1,0,
52,1,1828559321011,1830369761184,12,-1.58406,-118.615,4,8.683e+08,5,1,0,
52,4,1828559321011,1830369765256,12,-10.9691,-128,4,8.683e+08,5,1,0,
19,1,1824994361130,1825241149552,9,4.22002,-112.811,4,8.683e+08,5,1,0,
19,4,1824994361130,1825241155668,9,-7.54844,-124.579,4,8.683e+08,5,1,0,
356,1,1825264668720,1825717281780,10,1.38242,-115.648,2,8.683e+08,5,1,0,
14,1,1840910166155,1841897307961,11,-1.5625,-118.593,4,8.683e+08,5,1,0,
104,1,1830877288418,1832687727934,12,-14.9436,-131.975,4,8.683e+08,5,1,0,
104,4,1830877288418,1832687742590,12,-21.6499,-138.681,4,8.683e+08,5,1,0,
328,1,1830386488400,1831373630320,11,-2.6361,-119.667,2,8.683e+08,5,1,0,
328,2,1830386488400,1831373638779,11,-14.9477,-131.979,2,8.683e+08,5,1,0,
328,3,1830386488400,1831373633507,11,-7.90565,-124.937,2,8.683e+08,5,1,0,
328,4,1830386488400,1831373635650,11,-16.2586,-133.29,2,8.683e+08,5,1,0,
355,1,1836407459605,1836479397005,7,15.5217,-101.509,4,8.683e+08,5,1,0,
379,1,1829817693513,1829951329444,8,2.2802,-114.751,2,8.683e+08,5,1,0,
152,1,1831230959486,1832218101183,11,3.53307,-113.498,2,8.683e+08,5,1,0,
152,2,1831230959486,1832218110554,11,-18.1318,-135.163,2,8.683e+08,5,1,0,
71,3,1836304562937,1838115002589,12,-15.3459,-132.377,4,8.683e+08,5,1,0,
71,4,1836304562937,1838115004530,12,-9.11935,-126.15,4,8.683e+08,5,1,0,
193,1,1839405729965,1841216168972,12,-4.30401,-121.335,2,8.683e+08,5,1,0,
193,2,1839405729965,1841216172139,12,-15.1919,-132.223,2,8.683e+08,5,1,0,
38,1,1837724687906,1839535125971,12,2.71768,-114.313,4,8.683e+08,5,1,0,
329,1,1831974890058,1832108525808,8,5.02896,-112.002,2,8.683e+08,5,1,0,
335,1,1850440732839,1852251171601,12,-9.01296,-126.044,4,8.683e+08,5,1,0,
335,4,1850440732839,1852251181716,12,-21.2064,-138.237,4,8.683e+08,5,1,0,
325,1,1852252000931,1853239142768,11,-2.76756,-119.798,4,8.683e+08,5,1,0,
226,1,1840564648331,1841017261166,10,-2.34596,-119.377,4,8.683e+08,5,1,0,
226,2,1840564648331,1841017270593,10,-14.9436,-131.975,4,8.683e+08,5,1,0,
226,3,1840564648331,1841017266432,10,-14.9369,-131.968,4,8.683e+08,5,1,0,
87,3,1840532990301,1842343433889,12,-14.0436,-131.075,4,8.683e+08,5,1,0,
87,4,1840532990301,1842343429309,12,-4.02777,-121.059,4,8.683e+08,5,1,0,
72,1,1854241684797,1854488473377,9,-1.48688,-118.518,4,8.683e+08,5,1,0,
72,3,1854241684797,1854488479085,9,-13.1806,-130.212,4,8.683e+08,5,1,0,
393,1,1842390387025,1844200827174,12,-3.92502,-120.956,4,8.683e+08,5,1,0,
393,2,1842390387025,1844200827325,12,-12.0746,-129.106,4,8.683e+08,5,1,0,
393,3,1842390387025,1844200828019,12,-12.1726,-129.203,4,8.683e+08,5,1,0,
393,4,1842390387025,1844200836164,12,-16.7405,-133.771,4,8.683e+08,5,1,0,
338,1,1847585391201,1849395830902,12,-5.88471,-122.916,2,8.683e+08,5,1,0,
338,3,1847585391201,1849395844699,12,-22.3626,-139.393,2,8.683e+08,5,1,0,
70,1,1843131060137,1843377848749,9,-3.20693,-120.238,2,8.683e+08,5,1,0,
155,1,1850756010096,1851002798581,9,8.27459,-108.756,2,8.683e+08,5,1,0,
198,1,1844888319517,1846698758338,12,-10.4334,-127.464,2,8.683e+08,5,1,0,
198,4,1844888319517,1846698767507,12,-15.3129,-132.344,2,8.683e+08,5,1,0,
107,2,1866728421552,1868538861293,12,-0.712017,-117.743,2,8.683e+08,5,1,0,
107,3,1866728421552,1868538866711,12,-14.8513,-131.882,2,8.683e+08,5,1,0,
344,1,1860314682560,1862125120947,12,-3.15583,-120.187,4,8.683e+08,5,1,0,
179,3,1862510553627,1863497705381,11,-17.0561,-134.087,4,8.683e+08,5,1,0,
179,4,1862510553627,1863497699672,11,-12.4288,-129.46,4,8.683e+08,5,1,0,
137,1,1853763136273,1855573575425,12,-3.8499,-120.881,2,8.683e+08,5,1,0,
137,4,1853763136273,1855573576846,12,-15.5931,-132.624,2,8.683e+08,5,1,0,
93,1,1855387152555,1857197591795,12,-1.15468,-118.186,4,8.683e+08,5,1,0,
93,2,1855387152555,1857197595874,12,-16.6559,-133.687,4,8.683e+08,5,1,0,
93,3,1855387152555,1857197592252,12,-5.14793,-122.179,4,8.683e+08,5,1,0,
93,4,1855387152555,1857197598658,12,-13.6604,-130.691,4,8.683e+08,5,1,0,
77,1,1862452458150,1864262898411,12,-8.60445,-125.635,2,8.683e+08,5,1,0,
77,3,1862452458150,1864262910936,12,-20.0326,-137.063,2,8.683e+08,5,1,0,
77,4,1862452458150,1864262904000,12,-18.6517,-135.683,2,8.683e+08,5,1,0,
307,1,1857851656674,1859662095265,12,-0.896834,-117.928,2,8.683e+08,5,1,0,
307,2,1857851656674,1859662103770,12,-19.2228,-136.254,2,8.683e+08,5,1,0,
307,3,1857851656674,1859662097504,12,-9.24655,-126.277,2,8.683e+08,5,1,0,
307,4,1857851656674,1859662099108,12,-17.0832,-134.114,2,8.683e+08,5,1,0,
166,1,1858350245826,1859337387520,11,-0.897558,-117.928,2,8.683e+08,5,1,0,
124,2,1862585699404,1863572852968,11,-19.0689,-136.1,4,8.683e+08,5,1,0,
324,3,1860630364663,1862440816787,12,-20.0058,-137.037,4,8.683e+08,5,1,0,
324,4,1860630364663,1862440810614,12,-10.2837,-127.315,4,8.683e+08,5,1,0,
172,1,1870716233884,1872526672810,12,-0.191929,-117.223,4,8.683e+08,5,1,0,
172,2,1870716233884,1872526677666,12,-10.8995,-127.93,4,8.683e+08,5,1,0,
234,2,1869093460555,1870903910031,12,-18.6892,-135.72,2,8.683e+08,5,1,0,
234,3,1869093460555,1870903903044,12,-13.5681,-130.599,2,8.683e+08,5,1,0,
234,4,1869093460555,1870903900881,12,-8.44,-125.471,2,8.683e+08,5,1,0,
267,1,1882747132632,1884557572545,12,-7.91304,-124.944,4,8.683e+08,5,1,0,
267,4,1882747132632,1884557579867,12,-16.39,-133.421,4,8.683e+08,5,1,0,
84,1,1870326316196,1870459952174,8,6.96772,-110.063,2,8.683e+08,5,1,0,
174,1,1865204049256,1867014488146,12,-0.188172,-117.219,2,8.683e+08,5,1,0,
174,3,1865204049256,1867014498548,12,-16.4124,-133.443,2,8.683e+08,5,1,0,
174,4,1865204049256,1867014491679,12,-15.3752,-132.406,2,8.683e+08,5,1,0,
279,1,1869239840946,1869311778716,7,30.8203,-86.2106,2,8.683e+08,5,1,0,
175,1,1867846397420,1869656835655,12,0.431681,-116.599,4,8.683e+08,5,1,0,
224,1,1876719001354,1876965789913,9,3.44483,-113.586,4,8.683e+08,5,1,0,
392,1,1873133888024,1874944326180,12,1.73215,-115.299,2,8.683e+08,5,1,0,
392,2,1873133888024,1874944330317,12,-17.3333,-134.364,2,8.683e+08,5,1,0,
392,3,1873133888024,1874944336463,12,-19.2579,-136.289,2,8.683e+08,5,1,0,
212,2,1874881338229,1876691778636,12,-8.1413,-125.172,4,8.683e+08,5,1,0,
158,1,1876526807155,1878337245892,12,2.63509,-114.396,4,8.683e+08,5,1,0,
15,1,1879684044005,1881494482247,12,-3.57187,-120.603,2,8.683e+08,5,1,0,
15,3,1879684044005,1881494496673,12,-20.635,-137.666,2,8.683e+08,5,1,0,
15,4,1879684044005,1881494492981,12,-19.7202,-136.751,2,8.683e+08,5,1,0,
135,3,1876190228883,1878000675369,12,-15.0393,-132.07,4,8.683e+08,5,1,0,
135,4,1876190228883,1878000668291,12,-3.12026,-120.151,4,8.683e+08,5,1,0,
98,1,1875078941438,1875531554670,10,4.40886,-112.622,2,8.683e+08,5,1,0,
118,1,1879701606859,1880154219986,10,-8.14692,-125.178,2,8.683e+08,5,1,0,
118,2,1879701606859,1880154227105,10,-12.5552,-129.586,2,8.683e+08,5,1,0,
114,1,1879234727202,1879481515418,9,5.92493,-111.106,4,8.683e+08,5,1,0,
252,1,1881185197590,1881318833500,8,5.23277,-111.798,4,8.683e+08,5,1,0,
310,1,1886211855340,1888022295441,12,-0.314552,-117.345,4,8.683e+08,5,1,0,
310,4,1886211855340,1888022307246,12,-17.3189,-134.35,4,8.683e+08,5,1,0,
148,1,1883814216180,1883886153108,7,30.436,-86.5949,2,8.683e+08,5,1,0,
291,1,1889351971900,1890339113215,11,4.01144,-113.019,4,8.683e+08,5,1,0,
291,4,1889351971900,1890339118013,11,-9.94558,-126.976,4,8.683e+08,5,1,0,
113,1,1881012807901,1881999949354,11,5.19853,-111.832,4,8.683e+08,5,1,0,
113,2,1881012807901,1881999954341,11,-16.9023,-133.933,4,8.683e+08,5,1,0,
113,3,1881012807901,1881999954104,11,-9.44792,-126.479,4,8.683e+08,5,1,0,
297,1,1882458189472,1882704978010,9,4.18152,-112.849,4,8.683e+08,5,1,0,
297,2,1882458189472,1882704983689,9,-7.96425,-124.995,4,8.683e+08,5,1,0,
235,1,1889191136163,1889263074271,7,23.137,-93.8939,2,8.683e+08,5,1,0,
403,1,1891878030959,1891949968096,7,30.4605,-86.5704,2,8.683e+08,5,1,0,
298,1,1888584602341,1890395040529,12,0.473113,-116.558,4,8.683e+08,5,1,0,
298,2,1888584602341,1890395043733,12,-11.4126,-128.444,4,8.683e+08,5,1,0,
298,3,1888584602341,1890395049698,12,-18.1611,-135.192,4,8.683e+08,5,1,0,
28,1,1895627199097,1895760834964,8,-1.01196,-118.043,4,8.683e+08,5,1,0,
5,1,1893249952354,1893496740524,9,9.52867,-107.502,2,8.683e+08,5,1,0,
5,2,1893249952354,1893496748449,9,-11.0859,-128.117,2,8.683e+08,5,1,0,
221,1,1896796485459,1897249098286,10,6.4627,-110.568,2,8.683e+08,5,1,0,
164,1,1892178360264,1893165502256,11,3.92635,-113.105,4,8.683e+08,5,1,0,
164,3,1892178360264,1893165513066,11,-18.5197,-135.551,4,8.683e+08,5,1,0,
164,4,1892178360264,1893165507075,11,-9.02717,-126.058,4,8.683e+08,5,1,0,
181,1,1894513897649,1894966510389,10,3.81613,-113.215,2,8.683e+08,5,1,0,
181,3,1894513897649,1894966516716,10,-7.15126,-124.182,2,8.683e+08,5,1,0,
58,1,1908859766350,1909846908347,11,1.02775,-116.003,4,8.683e+08,5,1,0,
58,3,1908859766350,1909846916006,11,-14.2036,-131.235,4,8.683e+08,5,1,0,
58,4,1908859766350,1909846911136,11,-8.53067,-125.562,4,8.683e+08,5,1,0,
185,4,1900151993556,1901962435270,12,-8.57198,-125.603,4,8.683e+08,5,1,0,
304,1,1894986418830,1896796858994,12,-2.45989,-119.491,4,8.683e+08,5,1,0,
304,3,1894986418830,1896796860072,12,-3.28758,-120.318,4,8.683e+08,5,1,0,
304,4,1894986418830,1896796858897,12,-8.1458,-125.177,4,8.683e+08,5,1,0,
375,2,1900845520807,1902655963863,12,-10.3,-127.331,4,8.683e+08,5,1,0,
375,3,1900845520807,1902655960023,12,-13.6564,-130.687,4,8.683e+08,5,1,0,
296,2,1898732263710,1900542706480,12,-9.69846,-126.729,2,8.683e+08,5,1,0,
296,3,1898732263710,1900542703643,12,-5.45049,-122.481,2,8.683e+08,5,1,0,
287,1,1898096436980,1898168375733,7,14.3292,-102.702,4,8.683e+08,5,1,0,
333,1,1902308560787,1902761173697,10,7.85474,-109.176,4,8.683e+08,5,1,0,
154,1,1904526413898,1904773202311,9,1.81295,-115.218,4,8.683e+08,5,1,0,
154,2,1904526413898,1904773208408,9,-5.73527,-122.766,4,8.683e+08,5,1,0,
176,1,1900778619638,1902589058745,12,-0.156703,-117.188,4,8.683e+08,5,1,0,
300,1,1904618876018,1905606017595,11,3.53861,-113.492,4,8.683e+08,5,1,0,
300,3,1904618876018,1905606027825,11,-18.8312,-135.862,4,8.683e+08,5,1,0,
300,4,1904618876018,1905606022335,11,-17.1079,-134.139,4,8.683e+08,5,1,0,
334,1,1902956103490,1903408716635,10,-9.65765,-126.689,2,8.683e+08,5,1,0,
334,2,1902956103490,1903408727037,10,-13.8315,-130.862,2,8.683e+08,5,1,0,
21,1,1907170805151,1908981245588,12,-2.95976,-119.991,4,8.683e+08,5,1,0,
21,2,1907170805151,1908981252104,12,-16.4612,-133.492,4,8.683e+08,5,1,0,
21,4,1907170805151,1908981260073,12,-21.6792,-138.71,4,8.683e+08,5,1,0,
62,1,1903534073964,1905344513758,12,-9.94833,-126.979,4,8.683e+08,5,1,0,
62,2,1903534073964,1905344513510,12,-4.65413,-121.685,4,8.683e+08,5,1,0,
62,3,1903534073964,1905344520908,12,-20.6297,-137.661,4,8.683e+08,5,1,0,
211,1,1913974777327,1914046715038,7,16.4731,-100.558,2,8.683e+08,5,1,0,
35,1,1909822311886,1909894250696,7,18.2254,-98.8055,4,8.683e+08,5,1,0,
25,1,1906571440624,1906705076425,8,4.10335,-112.928,2,8.683e+08,5,1,0,
314,1,1911152117150,1912139259017,11,-0.275595,-117.306,4,8.683e+08,5,1,0,
146,3,1912056190024,1913866640748,12,-20.8781,-137.909,4,8.683e+08,5,1,0,
194,1,1912216373398,1914026813354,12,-4.34313,-121.374,4,8.683e+08,5,1,0,
194,2,1912216373398,1914026820813,12,-16.0426,-133.073,4,8.683e+08,5,1,0,
127,1,1910145455475,1910279091290,8,2.23683,-114.794,4,8.683e+08,5,1,0,
283,1,1917472646524,1917544584728,7,17.8145,-99.2164,2,8.683e+08,5,1,0,
352,4,1920997254496,1922807695851,12,-12.5183,-129.549,4,8.683e+08,5,1,0,
320,1,1917864158702,1917936097966,7,14.0912,-102.94,2,8.683e+08,5,1,0,
183,1,1917129456774,1918116598674,11,6.1106,-110.92,2,8.683e+08,5,1,0,
183,2,1917129456774,1918116601770,11,-2.21703,-119.248,2,8.683e+08,5,1,0,
183,3,1917129456774,1918116604340,11,-10.0348,-127.066,2,8.683e+08,5,1,0,
183,4,1917129456774,1918116610181,11,-13.4624,-130.493,2,8.683e+08,5,1,0,
253,2,1919851572581,1921662018135,12,-16.0644,-133.095,2,8.683e+08,5,1,0,
253,3,1919851572581,1921662012660,12,-4.79267,-121.824,2,8.683e+08,5,1,0,
253,4,1919851572581,1921662016483,12,-11.9372,-128.968,2,8.683e+08,5,1,0,
281,1,1918513478034,1918585416667,7,19.3204,-97.7105,2,8.683e+08,5,1,0,
278,1,1918335086651,1920145525528,12,-7.99869,-125.03,4,8.683e+08,5,1,0,
278,4,1918335086651,1920145528733,12,-8.4646,-125.496,4,8.683e+08,5,1,0,
261,1,1923305496380,1923377434406,7,22.2245,-94.8064,2,8.683e+08,5,1,0,
343,1,1926145211048,1927955649855,12,-17.384,-134.415,2,8.683e+08,5,1,0,
343,3,1926145211048,1927955658777,12,-17.7005,-134.731,2,8.683e+08,5,1,0,
343,4,1926145211048,1927955652102,12,-7.26605,-124.297,2,8.683e+08,5,1,0,
8,1,1926502827479,1926955440480,10,5.46843,-111.562,2,8.683e+08,5,1,0,
8,4,1926502827479,1926955449302,10,-16.5072,-133.538,2,8.683e+08,5,1,0,
312,1,1928076447146,1929886886802,12,-13.8507,-130.882,4,8.683e+08,5,1,0,
312,2,1928076447146,1929886889817,12,-9.74372,-126.775,4,8.683e+08,5,1,0,
312,3,1928076447146,1929886897324,12,-19.8815,-136.912,4,8.683e+08,5,1,0,
312,4,1928076447146,1929886901294,12,-19.8367,-136.868,4,8.683e+08,5,1,0,
116,1,1930904085838,1931891227822,11,2.83226,-114.199,2,8.683e+08,5,1,0,
116,2,1930904085838,1931891231569,11,-17.4706,-134.501,2,8.683e+08,5,1,0,
294,1,1923118745640,1923190684110,7,13.6994,-103.332,4,8.683e+08,5,1,0,
99,1,1932025227552,1933012369195,11,-0.279325,-117.31,2,8.683e+08,5,1,0,
99,2,1932025227552,1933012373713,11,-8.44637,-125.477,2,8.683e+08,5,1,0,
99,3,1932025227552,1933012373764,11,-3.9716,-121.003,2,8.683e+08,5,1,0,
222,3,1932035290530,1933845731385,12,-4.1384,-121.169,4,8.683e+08,5,1,0,
222,4,1932035290530,1933845730696,12,-7.43274,-124.464,4,8.683e+08,5,1,0,
100,1,1927719407558,1927966195773,9,3.11687,-113.914,2,8.683e+08,5,1,0,
100,4,1927719407558,1927966202963,9,-13.0713,-130.102,2,8.683e+08,5,1,0,
27,1,1935745708708,1936198321551,10,1.31668,-115.714,4,8.683e+08,5,1,0,
305,1,1932287381225,1934097820863,12,-6.87126,-123.902,2,8.683e+08,5,1,0,
305,2,1932287381225,1934097820333,12,-6.83217,-123.863,2,8.683e+08,5,1,0,
97,2,1936290562951,1938101003493,12,-6.78469,-123.816,4,8.683e+08,5,1,0,
96,3,1937289517297,1939099959624,12,-12.9483,-129.979,4,8.683e+08,5,1,0,
96,4,1937289517297,1939099956991,12,-3.58454,-120.615,4,8.683e+08,5,1,0,
360,1,1938521922578,1940332361574,12,-1.81807,-118.849,2,8.683e+08,5,1,0,
201,2,1940123732599,1941934182105,12,-13.7647,-130.796,2,8.683e+08,5,1,0,
201,3,1940123732599,1941934173909,12,-9.25985,-126.291,2,8.683e+08,5,1,0,
201,4,1940123732599,1941934172550,12,-8.05123,-125.082,2,8.683e+08,5,1,0,
122,1,1940307584876,1940379524301,7,14.0507,-102.98,2,8.683e+08,5,1,0,
141,1,1939650265520,1939722203786,7,13.0445,-103.986,2,8.683e+08,5,1,0,
23,1,1947095169340,1947167108337,7,7.38611,-109.645,2,8.683e+08,5,1,0,
255,1,1943422483558,1943669271834,9,-7.72799,-124.759,2,8.683e+08,5,1,0,
149,1,1949852192926,1949924131524,7,9.32047,-107.71,4,8.683e+08,5,1,0,
197,1,1946720028528,1946791966217,7,23.6629,-93.368,2,8.683e+08,5,1,0,
54,1,1943183019949,1943635632728,10,2.36495,-114.666,2,8.683e+08,5,1,0,
54,2,1943183019949,1943635642226,10,-15.8049,-132.836,2,8.683e+08,5,1,0,
54,3,1943183019949,1943635638110,10,-13.1917,-130.223,2,8.683e+08,5,1,0,
54,4,1943183019949,1943635639680,10,-13.2404,-130.271,2,8.683e+08,5,1,0,
385,1,1942988967146,1943235755627,9,-1.04489,-118.076,4,8.683e+08,5,1,0,
200,1,1946494175119,1948304613236,12,-7.00735,-124.038,4,8.683e+08,5,1,0,
20,1,1945365118123,1945611906432,9,7.59703,-109.434,2,8.683e+08,5,1,0,
20,3,1945365118123,1945611912639,9,-11.1678,-128.199,2,8.683e+08,5,1,0,
274,1,1944581139067,1944714775174,8,4.57335,-112.458,2,8.683e+08,5,1,0,
369,1,1944707361483,1944779300065,7,18.6607,-98.3702,4,8.683e+08,5,1,0,
341,1,1946346119437,1947333261265,11,0.758139,-116.273,4,8.683e+08,5,1,0,
341,2,1946346119437,1947333271739,11,-18.6952,-135.726,4,8.683e+08,5,1,0,
341,4,1946346119437,1947333265114,11,-12.4523,-129.483,4,8.683e+08,5,1,0,
363,1,1947293668323,1947365607771,7,14.5795,-102.451,4,8.683e+08,5,1,0,
236,1,1950677889553,1950749829153,7,4.12398,-112.907,4,8.683e+08,5,1,0,
386,1,1953858085191,1953930023158,7,20.219,-96.8119,4,8.683e+08,5,1,0,
342,1,1951422710534,1951669498676,9,7.29393,-109.737,4,8.683e+08,5,1,0,
299,1,1951093382441,1952080524282,11,-2.40364,-119.435,4,8.683e+08,5,1,0,
299,4,1951093382441,1952080530841,11,-11.9856,-129.016,4,8.683e+08,5,1,0,
161,3,1950367328961,1952177767555,12,-4.8192,-121.85,4,8.683e+08,5,1,0,
161,4,1950367328961,1952177774507,12,-17.7736,-134.805,4,8.683e+08,5,1,0,
348,1,1952347619563,1952800232501,10,3.05726,-113.974,2,8.683e+08,5,1,0,
330,2,1957896473846,1959706914971,12,-7.98563,-125.017,2,8.683e+08,5,1,0,
330,3,1957896473846,1959706915381,12,-8.09099,-125.122,2,8.683e+08,5,1,0,
39,1,1958366950848,1958438889902,7,3.50557,-113.525,4,8.683e+08,5,1,0,
134,1,1958044351664,1959854791607,12,-5.6899,-122.721,2,8.683e+08,5,1,0,
134,4,1958044351664,1959854790605,12,-6.34623,-123.377,2,8.683e+08,5,1,0,
316,4,1966205651837,1968016090438,12,-2.8922,-119.923,4,8.683e+08,5,1,0,
133,3,1966073181551,1967883622786,12,-12.4427,-129.474,2,8.683e+08,5,1,0,
367,2,1967094445591,1968904885798,12,-7.24379,-124.275,4,8.683e+08,5,1,0,
388,1,1960742365726,1960876001636,8,7.67951,-109.351,2,8.683e+08,5,1,0,
389,1,1967429620983,1969240060244,12,-3.11302,-120.144,2,8.683e+08,5,1,0,
250,4,1974604595741,1976415040073,12,-18.0387,-135.07,4,8.683e+08,5,1,0,
331,1,1968603420246,1968850208466,9,6.18464,-110.846,4,8.683e+08,5,1,0,
270,1,1970271873525,1972082313884,12,-6.23795,-123.269,2,8.683e+08,5,1,0,
270,4,1970271873525,1972082312635,12,-10.2819,-127.313,2,8.683e+08,5,1,0,
402,1,1972845546657,1972979182392,8,9.18894,-107.842,4,8.683e+08,5,1,0,
254,1,1973145053111,1974955492268,12,-4.9744,-122.005,2,8.683e+08,5,1,0,
254,2,1973145053111,1974955494327,12,-10.442,-127.473,2,8.683e+08,5,1,0,
254,3,1973145053111,1974955501455,12,-20.6833,-137.714,2,8.683e+08,5,1,0,
401,1,1970945513453,1971398126516,10,-0.187241,-117.218,4,8.683e+08,5,1,0,
260,1,1982993587559,1983446200625,10,-1.2555,-118.286,2,8.683e+08,5,1,0,
260,2,1982993587559,1983446208513,10,-11.2682,-128.299,2,8.683e+08,5,1,0,
260,3,1982993587559,1983446213349,10,-16.7752,-133.806,2,8.683e+08,5,1,0,
251,1,1981533054858,1981604992741,7,26.3783,-90.6526,2,8.683e+08,5,1,0,
378,1,1975537799250,1977348239336,12,0.036337,-116.995,4,8.683e+08,5,1,0,
321,1,1979303912580,1979756525267,10,1.60232,-115.429,2,8.683e+08,5,1,0,
321,2,1979303912580,1979756531159,10,-10.3384,-127.369,2,8.683e+08,5,1,0,
321,3,1979303912580,1979756531789,10,-13.5265,-130.557,2,8.683e+08,5,1,0,
364,1,1977077484027,1978887922922,12,-4.043,-121.074,4,8.683e+08,5,1,0,
364,3,1977077484027,1978887928062,12,-12.8093,-129.84,4,8.683e+08,5,1,0,
364,4,1977077484027,1978887923870,12,-2.41603,-119.447,4,8.683e+08,5,1,0,
95,1,1988956173692,1989089809373,8,8.49585,-108.535,2,8.683e+08,5,1,0,
358,1,1989176884049,1989248823365,7,2.16111,-114.87,4,8.683e+08,5,1,0,
123,4,1982479185359,1984289628204,12,-11.6126,-128.643,2,8.683e+08,5,1,0,
230,1,1983111397644,1984921836353,12,-3.8181,-120.849,2,8.683e+08,5,1,0,
230,2,1983111397644,1984921837662,12,-13.0459,-130.077,2,8.683e+08,5,1,0,
230,3,1983111397644,1984921842982,12,-16.6769,-133.708,2,8.683e+08,5,1,0,
269,1,1983351963055,1983485598676,8,14.7425,-102.288,4,8.683e+08,5,1,0,
269,3,1983351963055,1983485606429,8,-11.9578,-128.989,4,8.683e+08,5,1,0,
139,1,1983608311506,1983855099669,9,9.02138,-108.01,4,8.683e+08,5,1,0,
139,2,1983608311506,1983855106933,9,-11.0486,-128.08,4,8.683e+08,5,1,0,
188,1,1984329941855,1985317083702,11,-4.48826,-121.519,4,8.683e+08,5,1,0,
188,2,1984329941855,1985317091567,11,-15.2852,-132.316,4,8.683e+08,5,1,0,
336,1,1986314248059,1988124687088,12,-5.24129,-122.272,2,8.683e+08,5,1,0,
336,4,1986314248059,1988124700986,12,-16.7216,-133.752,2,8.683e+08,5,1,0,
248,1,1991721621928,1991793559104,7,32.3465,-84.6844,2,8.683e+08,5,1,0,
48,1,1990035870412,1990169506332,8,7.99608,-109.035,2,8.683e+08,5,1,0,
353,1,1991862800761,1993673239893,12,-0.12287,-117.154,4,8.683e+08,5,1,0,
353,2,1991862800761,1993673240344,12,-7.41003,-124.441,4,8.683e+08,5,1,0,
353,3,1991862800761,1993673244929,12,-8.11412,-125.145,4,8.683e+08,5,1,0,
353,4,1991862800761,1993673251650,12,-20.2867,-137.318,4,8.683e+08,5,1,0,
246,1,1996383509377,1996630297573,9,-7.057,-124.088,2,8.683e+08,5,1,0,
246,4,1996383509377,1996630304925,9,-12.264,-129.295,2,8.683e+08,5,1,0,
240,3,1994316148650,1996126598878,12,-20.2938,-137.325,4,8.683e+08,5,1,0,
240,4,1994316148650,1996126591817,12,-15.5233,-132.554,4,8.683e+08,5,1,0,
332,2,1995507787453,1997318234810,12,-15.0799,-132.111,4,8.683e+08,5,1,0,
285,1,1995495481059,1996482622833,11,-2.82793,-119.859,2,8.683e+08,5,1,0,
362,1,1998066634340,1999053776213,11,4.06522,-112.966,4,8.683e+08,5,1,0,
362,3,1998066634340,1999053780343,11,-7.90783,-124.939,4,8.683e+08,5,1,0,
362,4,1998066634340,1999053780393,11,-10.6805,-127.711,4,8.683e+08,5,1,0,
196,1,1996500526115,1998310964681,12,0.651523,-116.379,2,8.683e+08,5,1,0,
196,3,1996500526115,1998310978014,12,-22.3716,-139.403,2,8.683e+08,5,1,0,
196,4,1996500526115,1998310972617,12,-14.3895,-131.42,2,8.683e+08,5,1,0,
365,1,2001531259482,2003341699710,12,-2.29414,-119.325,4,8.683e+08,5,1,0,
365,2,2001531259482,2003341697929,12,1.00028,-116.031,4,8.683e+08,5,1,0,
365,3,2001531259482,2003341704258,12,-17.5607,-134.592,4,8.683e+08,5,1,0,
81,1,1996282561502,1997269703378,11,0.300752,-116.73,4,8.683e+08,5,1,0,
81,4,1996282561502,1997269708612,11,-17.4049,-134.436,4,8.683e+08,5,1,0,
404,1,2003907246928,2005717687243,12,-16.4314,-133.462,2,8.683e+08,5,1,0,
404,2,2003907246928,2005717699963,12,-20.152,-137.183,2,8.683e+08,5,1,0,
404,3,2003907246928,2005717693154,12,-21.0654,-138.096,2,8.683e+08,5,1,0,
404,4,2003907246928,2005717685593,12,-1.48918,-118.52,2,8.683e+08,5,1,0,
190,1,2004927624582,2004999563338,7,11.6493,-105.382,2,8.683e+08,5,1,0,
49,2,1998305696204,1999292841046,11,-17.6481,-134.679,2,8.683e+08,5,1,0,
142,1,2000126831724,2000579444452,10,8.68989,-108.341,4,8.683e+08,5,1,0,
142,3,2000126831724,2000579449683,10,-13.8439,-130.875,4,8.683e+08,5,1,0,
85,1,2016216568037,2016350203730,8,6.08107,-110.95,2,8.683e+08,5,1,0,
85,2,2016216568037,2016350211154,8,-6.77429,-123.805,2,8.683e+08,5,1,0,
51,1,2009326869440,2009398808030,7,22.4564,-94.5745,2,8.683e+08,5,1,0,
75,1,2004212124840,2004284063395,7,19.1724,-97.8585,4,8.683e+08,5,1,0,
262,1,2003383769641,2003836382906,10,2.96523,-114.066,4,8.683e+08,5,1,0,
262,2,2003383769641,2003836389366,10,-6.35472,-123.386,4,8.683e+08,5,1,0,
68,2,2012959655853,2014770096898,12,-8.12859,-125.159,2,8.683e+08,5,1,0,
33,1,2009037044672,2010847483088,12,0.943437,-116.087,2,8.683e+08,5,1,0,
33,2,2009037044672,2010847485167,12,-6.55788,-123.589,2,8.683e+08,5,1,0,
33,3,2009037044672,2010847488120,12,-7.58631,-124.617,2,8.683e+08,5,1,0,
349,4,2007736520583,2009546961172,12,-10.1505,-127.181,4,8.683e+08,5,1,0,
157,1,2006877691967,2006949630187,7,15.6925,-101.338,4,8.683e+08,5,1,0,
394,1,2011182258112,2012992698029,12,-2.11261,-119.144,4,8.683e+08,5,1,0,
115,1,2010920655968,2010992593300,7,18.6957,-98.3352,2,8.683e+08,5,1,0,
265,1,2013123602283,2013257238285,8,7.37724,-109.654,4,8.683e+08,5,1,0,
110,3,2010654391389,2012464832202,12,-11.0547,-128.086,2,8.683e+08,5,1,0,
110,4,2010654391389,2012464831930,12,-14.6189,-131.65,2,8.683e+08,5,1,0,
120,2,2014579844790,2016390285042,12,-11.1028,-128.134,2,8.683e+08,5,1,0,
120,3,2014579844790,2016390290030,12,-14.2717,-131.303,2,8.683e+08,5,1,0,
132,1,2012602857999,2013589999476,11,-4.4342,-121.465,2,8.683e+08,5,1,0,
132,3,2012602857999,2013590004219,11,-6.79897,-123.83,2,8.683e+08,5,1,0,
132,4,2012602857999,2013590004385,11,-5.82202,-122.853,2,8.683e+08,5,1,0,
219,4,2015316034841,2017126475181,12,-7.63348,-124.664,2,8.683e+08,5,1,0,
326,2,2018297108804,2020107555695,12,-15.3778,-132.409,4,8.683e+08,5,1,0,
275,4,2014050253407,2015860696993,12,-8.34321,-125.374,2,8.683e+08,5,1,0,
396,1,2017024228652,2018834668862,12,-4.42829,-121.459,2,8.683e+08,5,1,0,
396,3,2017024228652,2018834678702,12,-20.8681,-137.899,2,8.683e+08,5,1,0,
396,4,2017024228652,2018834670600,12,-15.0545,-132.085,2,8.683e+08,5,1,0,
366,1,2018310411472,2018763024301,10,7.00037,-110.031,4,8.683e+08,5,1,0,
163,1,2016601478041,2016673414988,7,34.1683,-82.8626,2,8.683e+08,5,1,0,
258,2,2023134973061,2024122118110,11,-13.5924,-130.623,2,8.683e+08,5,1,0,
258,3,2023134973061,2024122121632,11,-12.5185,-129.549,2,8.683e+08,5,1,0,
40,1,2022801309345,2023788451042,11,1.59278,-115.438,4,8.683e+08,5,1,0,
89,1,2023938893839,2024926035332,11,0.964778,-116.066,4,8.683e+08,5,1,0,
89,2,2023938893839,2024926039209,11,-11.5885,-128.619,4,8.683e+08,5,1,0,
89,3,2023938893839,2024926043823,11,-18.5955,-135.626,4,8.683e+08,5,1,0,
89,4,2023938893839,2024926048635,11,-15.3295,-132.36,4,8.683e+08,5,1,0,
55,1,2024794778227,2025041566724,9,8.55614,-108.475,2,8.683e+08,5,1,0,
55,4,2024794778227,2025041581384,9,-14.3506,-131.382,2,8.683e+08,5,1,0,
91,1,2025154912917,2025288548944,8,-6.27565,-123.307,2,8.683e+08,5,1,0,
150,2,2026409852946,2028220293137,12,-10.2786,-127.31,2,8.683e+08,5,1,0,
302,1,2025210406232,2027020844555,12,0.606356,-116.425,4,8.683e+08,5,1,0,
302,3,2025210406232,2027020848753,12,-7.42102,-124.452,4,8.683e+08,5,1,0,
302,4,2025210406232,2027020847306,12,-6.99295,-124.024,4,8.683e+08,5,1,0,
382,1,2025953397527,2026940539558,11,0.867663,-116.163,4,8.683e+08,5,1,0,
382,2,2025953397527,2026940543008,11,-6.67669,-123.708,4,8.683e+08,5,1,0,
382,3,2025953397527,2026940548787,11,-15.4537,-132.485,4,8.683e+08,5,1,0,
173,1,2051644930696,2053455369300,12,-3.50361,-120.535,2,8.683e+08,5,1,0,
173,2,2051644930696,2053455371163,12,-9.25122,-126.282,2,8.683e+08,5,1,0,
143,1,2030384511054,2032194949421,12,-4.96395,-121.995,4,8.683e+08,5,1,0,
143,4,2030384511054,2032194953966,12,-13.3374,-130.368,4,8.683e+08,5,1,0,
340,1,2038300970710,2038372909241,7,20.7239,-96.307,4,8.683e+08,5,1,0,
257,1,2039017425989,2040827866130,12,-4.15329,-121.184,2,8.683e+08,5,1,0,
257,3,2039017425989,2040827873662,12,-17.8615,-134.892,2,8.683e+08,5,1,0,
257,4,2039017425989,2040827865675,12,-8.14714,-125.178,2,8.683e+08,5,1,0,
138,1,2048949881313,2049402494331,10,-1.62536,-118.656,4,8.683e+08,5,1,0,
138,4,2048949881313,2049402502152,10,-13.4141,-130.445,4,8.683e+08,5,1,0,
395,1,2029805781180,2030258393862,10,3.54727,-113.484,2,8.683e+08,5,1,0,
323,1,2034669898397,2036480338540,12,-11.1243,-128.155,2,8.683e+08,5,1,0,
323,2,2034669898397,2036480341798,12,-10.9575,-127.988,2,8.683e+08,5,1,0,
323,3,2034669898397,2036480337170,12,-4.30336,-121.334,2,8.683e+08,5,1,0,
323,4,2034669898397,2036480344452,12,-17.4741,-134.505,2,8.683e+08,5,1,0,
284,1,2039182818548,2040169960364,11,-7.56255,-124.593,4,8.683e+08,5,1,0,
105,1,2051022450051,2052009591883,11,7.42091,-109.61,4,8.683e+08,5,1,0,
105,4,2051022450051,2052009597891,11,-17.7166,-134.748,4,8.683e+08,5,1,0,
309,1,2037424060987,2037670849541,9,-4.12786,-121.159,2,8.683e+08,5,1,0,
309,2,2037424060987,2037670855765,9,-9.16179,-126.193,2,8.683e+08,5,1,0,
74,1,2046105425085,2047092566661,11,4.17567,-112.855,2,8.683e+08,5,1,0,
74,4,2046105425085,2047092579425,11,-18.5007,-135.532,2,8.683e+08,5,1,0,
205,1,2048939565704,2050750004004,12,-3.32801,-120.359,2,8.683e+08,5,1,0,
32,1,2042562957288,2044373395332,12,4.324,-112.707,2,8.683e+08,5,1,0,
32,3,2042562957288,2044373398135,12,-15.1607,-132.192,2,8.683e+08,5,1,0,
32,4,2042562957288,2044373403310,12,-22.3812,-139.412,2,8.683e+08,5,1,0,
322,1,2040035122691,2040281910990,9,2.26204,-114.769,4,8.683e+08,5,1,0,
384,2,2052561885969,2054372325464,12,-10.7503,-127.781,4,8.683e+08,5,1,0,
112,1,2051850580784,2052837722758,11,1.97164,-115.059,2,8.683e+08,5,1,0,
112,3,2051850580784,2052837731408,11,-15.1957,-132.227,2,8.683e+08,5,1,0,
112,4,2051850580784,2052837725952,11,-12.979,-130.01,2,8.683e+08,5,1,0,
83,4,2050590001578,2052400454832,12,-22.2895,-139.32,2,8.683e+08,5,1,0,
311,1,2053134997620,2053268633294,8,7.55228,-109.479,2,8.683e+08,5,1,0,
210,1,2054658261242,2054730200088,7,11.2754,-105.756,4,8.683e+08,5,1,0,
288,1,2058943149024,2060753587969,12,-4.20355,-121.234,4,8.683e+08,5,1,0,
288,2,2058943149024,2060753589263,12,-7.54311,-124.574,4,8.683e+08,5,1,0,
187,1,2052405678299,2052539314016,8,10.4412,-106.59,2,8.683e+08,5,1,0,
162,1,2067220342509,2069030780610,12,-3.41113,-120.442,4,8.683e+08,5,1,0,
162,4,2067220342509,2069030783227,12,-6.41144,-123.442,4,8.683e+08,5,1,0,
7,3,2053142968056,2054953411564,12,-10.0195,-127.05,4,8.683e+08,5,1,0,
7,4,2053142968056,2054953406705,12,0.643603,-116.387,4,8.683e+08,5,1,0,
381,1,2054425151283,2054671939507,9,6.32178,-110.709,2,8.683e+08,5,1,0,
67,1,2059995890884,2060067828661,7,19.329,-97.7019,2,8.683e+08,5,1,0,
218,1,2063149094864,2063221033761,7,8.96705,-108.064,2,8.683e+08,5,1,0,
371,1,2054997334806,2055449947662,10,9.7467,-107.284,2,8.683e+08,5,1,0,
371,2,2054997334806,2055449952639,10,-7.6587,-124.69,2,8.683e+08,5,1,0,
44,1,2055573808271,2055645746696,7,22.763,-94.2679,2,8.683e+08,5,1,0,
354,1,2061833044556,2063643484577,12,-13.8249,-130.856,2,8.683e+08,5,1,0,
354,2,2061833044556,2063643495332,12,-21.1996,-138.23,2,8.683e+08,5,1,0,
354,3,2061833044556,2063643487613,12,-16.5429,-133.574,2,8.683e+08,5,1,0,
354,4,2061833044556,2063643483585,12,-9.98658,-127.017,2,8.683e+08,5,1,0,
199,1,2069281915950,2069353855011,7,6.65169,-110.379,4,8.683e+08,5,1,0,
145,1,2065230684124,2065302622987,7,14.5107,-102.52,4,8.683e+08,5,1,0,
243,1,2069723563227,2071534003020,12,-6.5886,-123.619,4,8.683e+08,5,1,0,
243,3,2069723563227,2071534007366,12,-20.0576,-137.088,4,8.683e+08,5,1,0,
243,4,2069723563227,2071534002154,12,0.970751,-116.06,4,8.683e+08,5,1,0,
259,1,2064319427372,2064566215502,9,9.93907,-107.092,4,8.683e+08,5,1,0,
290,1,2063845410692,2064832552111,11,3.79509,-113.236,4,8.683e+08,5,1,0,
129,3,2077704548622,2079514989174,12,-7.64581,-124.677,2,8.683e+08,5,1,0,
370,1,2072618768277,2072690705301,7,29.7273,-87.3036,4,8.683e+08,5,1,0,
202,2,2069226868385,2071037320211,12,-21.2254,-138.256,2,8.683e+08,5,1,0,
126,1,2073433653674,2073886266613,10,3.34056,-113.69,2,8.683e+08,5,1,0,
126,4,2073433653674,2073886271679,10,-12.6639,-129.695,2,8.683e+08,5,1,0,
42,3,2076692897452,2078503339403,12,-8.54564,-125.577,4,8.683e+08,5,1,0,
42,4,2076692897452,2078503337550,12,-14.9396,-131.97,4,8.683e+08,5,1,0,
69,1,2072621878634,2074432317444,12,-2.98216,-120.013,2,8.683e+08,5,1,0,
69,2,2072621878634,2074432320587,12,-11.4498,-128.481,2,8.683e+08,5,1,0,
69,3,2072621878634,2074432327396,12,-21.3561,-138.387,2,8.683e+08,5,1,0,
13,1,2071359725390,2073170164327,12,-1.15147,-118.182,4,8.683e+08,5,1,0,
13,3,2071359725390,2073170178163,12,-20.406,-137.437,4,8.683e+08,5,1,0,
168,3,2074047665075,2075858112415,12,-22.2585,-139.289,4,8.683e+08,5,1,0,
168,4,2074047665075,2075858105308,12,-21.3032,-138.334,4,8.683e+08,5,1,0,
169,1,2080063948616,2081874387366,12,-9.66856,-126.699,2,8.683e+08,5,1,0,
169,4,2080063948616,2081874391000,12,-13.7998,-130.831,2,8.683e+08,5,1,0,
147,1,2078199045142,2078270983753,7,16.4857,-100.545,4,8.683e+08,5,1,0,
207,1,2080213148343,2080285087880,7,3.12942,-113.901,2,8.683e+08,5,1,0,
140,1,2080406227839,2080653016354,9,8.07859,-108.952,4,8.683e+08,5,1,0,
140,4,2080406227839,2080653023052,9,-9.71199,-126.743,4,8.683e+08,5,1,0,
245,3,2082108476869,2083918929497,12,-19.5441,-136.575,4,8.683e+08,5,1,0,
245,4,2082108476869,2083918922573,12,-20.8955,-137.926,4,8.683e+08,5,1,0,
374,2,2082589195217,2084399636470,12,-8.23086,-125.262,4,8.683e+08,5,1,0,
317,1,2083380282294,2085190722393,12,-5.58625,-122.617,2,8.683e+08,5,1,0,
102,1,2082318749829,2083305891764,11,-6.67406,-123.705,2,8.683e+08,5,1,0,
102,2,2082318749829,2083305899083,11,-19.1352,-136.166,2,8.683e+08,5,1,0,
102,3,2082318749829,2083305894600,11,-5.75848,-122.789,2,8.683e+08,5,1,0,
102,4,2082318749829,2083305898151,11,-17.836,-134.867,2,8.683e+08,5,1,0,
209,1,2089056836554,2089509449413,10,-8.35456,-125.385,2,8.683e+08,5,1,0,
376,1,2086776765410,2086848702820,7,31.6571,-85.3738,4,8.683e+08,5,1,0,
238,1,2086257372206,2088067812089,12,-0.772235,-117.803,4,8.683e+08,5,1,0,
238,2,2086257372206,2088067812363,12,-21.2585,-138.289,4,8.683e+08,5,1,0,
238,3,2086257372206,2088067813678,12,-9.50913,-126.54,4,8.683e+08,5,1,0,
9,1,2083485883634,2083557820969,7,26.2493,-90.7816,4,8.683e+08,5,1,0,
136,1,2085011561746,2085464175044,10,-3.51802,-120.549,2,8.683e+08,5,1,0,
36,1,2087571303988,2088558445913,11,-12.4312,-129.462,4,8.683e+08,5,1,0,
36,2,2087571303988,2088558454864,11,-19.0489,-136.08,4,8.683e+08,5,1,0,
34,1,2087896932811,2089707372620,12,3.41334,-113.618,4,8.683e+08,5,1,0,
34,3,2087896932811,2089707380084,12,-13.4115,-130.442,4,8.683e+08,5,1,0,
34,4,2087896932811,2089707372547,12,-8.6014,-125.632,4,8.683e+08,5,1,0,
57,1,2092926437475,2093379050403,10,-6.59747,-123.628,2,8.683e+08,5,1,0,
57,2,2092926437475,2093379057353,10,-16.6463,-133.677,2,8.683e+08,5,1,0,
57,3,2092926437475,2093379055409,10,-13.7711,-130.802,2,8.683e+08,5,1,0,
29,1,2091067256243,2091314044712,9,6.99245,-110.038,4,8.683e+08,5,1,0,
346,4,2097689287551,2099499730449,12,-10.6956,-127.726,4,8.683e+08,5,1,0,
180,1,2092559179173,2092805967409,9,5.46756,-111.563,2,8.683e+08,5,1,0,
117,1,2096973904402,2097045843213,7,17.0008,-100.03,2,8.683e+08,5,1,0,
192,1,2089930573810,2090917715651,11,-4.36514,-121.396,2,8.683e+08,5,1,0,
159,1,2095474375733,2095546313098,7,32.3912,-84.6397,4,8.683e+08,5,1,0,
189,1,2094011239529,2094998381284,11,-0.624392,-117.655,2,8.683e+08,5,1,0,
189,3,2094011239529,2094998395307,11,-18.624,-135.655,2,8.683e+08,5,1,0,
170,1,2096658212912,2098468652682,12,-6.62456,-123.655,2,8.683e+08,5,1,0,
170,2,2096658212912,2098468657932,12,-19.1775,-136.208,2,8.683e+08,5,1,0,
264,1,2098317023816,2098563812299,9,4.15762,-112.873,4,8.683e+08,5,1,0,
10,1,2105413654848,2106400796611,11,-3.51801,-120.549,4,8.683e+08,5,1,0,
10,3,2105413654848,2106400799985,11,-7.03545,-124.066,4,8.683e+08,5,1,0,
10,4,2105413654848,2106400802428,11,-18.5362,-135.567,4,8.683e+08,5,1,0,
16,1,2099196257338,2101006697567,12,-1.422,-118.453,4,8.683e+08,5,1,0,
16,2,2099196257338,2101006695786,12,3.8378,-113.193,4,8.683e+08,5,1,0,
16,3,2099196257338,2101006702203,12,-17.9064,-134.937,4,8.683e+08,5,1,0,
373,2,2105288193929,2107098633832,12,-6.50099,-123.532,4,8.683e+08,5,1,0,
227,1,2102853170138,2103305783446,10,7.17267,-109.858,4,8.683e+08,5,1,0,
227,2,2102853170138,2103305787729,10,-12.308,-129.339,4,8.683e+08,5,1,0,
227,3,2102853170138,2103305789819,10,-14.4267,-131.458,4,8.683e+08,5,1,0,
306,1,2099044831293,2099178467204,8,8.71701,-108.314,2,8.683e+08,5,1,0,
380,1,2113576019859,2113709655953,8,7.78099,-109.25,4,8.683e+08,5,1,0,
380,4,2113576019859,2113709662527,8,-8.74475,-125.776,4,8.683e+08,5,1,0,
131,1,2105774238473,2107584677339,12,-5.33345,-122.364,4,8.683e+08,5,1,0,
131,3,2105774238473,2107584679798,12,-10.0301,-127.061,4,8.683e+08,5,1,0,
131,4,2105774238473,2107584686611,12,-14.2341,-131.265,4,8.683e+08,5,1,0,
94,1,2100464073647,2100536012976,7,10.4815,-106.549,2,8.683e+08,5,1,0,
153,1,2100649845799,2102460284653,12,-1.50401,-118.535,4,8.683e+08,5,1,0,
82,2,2101726045506,2103536495029,12,-18.5293,-135.56,4,8.683e+08,5,1,0,
82,3,2101726045506,2103536487248,12,-12.9142,-129.945,4,8.683e+08,5,1,0,
82,4,2101726045506,2103536485522,12,-8.11966,-125.151,4,8.683e+08,5,1,0,
103,1,2106381774686,2107368916638,11,2.27858,-114.752,4,8.683e+08,5,1,0,
31,1,2117203007587,2117655620585,10,5.13115,-111.9,2,8.683e+08,5,1,0,
171,1,2109938928165,2110010867747,7,3.73053,-113.3,4,8.683e+08,5,1,0,
119,1,2108748895754,2110559335158,12,-9.84386,-126.875,2,8.683e+08,5,1,0,
119,2,2108748895754,2110559340376,12,-15.5566,-132.587,2,8.683e+08,5,1,0,
327,1,2112781881685,2113028670076,9,5.75484,-111.276,2,8.683e+08,5,1,0,
186,1,2110481978455,2110553917433,7,16.9153,-100.116,2,8.683e+08,5,1,0,
233,2,2119784708823,2121595149535,12,-14.047,-131.078,2,8.683e+08,5,1,0,
233,3,2119784708823,2121595155919,12,-16.2616,-133.292,2,8.683e+08,5,1,0,
359,1,2111490162283,2111942775320,10,-1.7035,-118.734,4,8.683e+08,5,1,0,
359,3,2111490162283,2111942780600,10,-14.8689,-131.9,4,8.683e+08,5,1,0,
11,1,2112091167987,2112163105299,7,26.9933,-90.0376,2,8.683e+08,5,1,0,
160,1,2120625775850,2120872564038,9,3.08387,-113.947,2,8.683e+08,5,1,0,
214,1,2120011906019,2120145541762,8,3.0224,-114.008,4,8.683e+08,5,1,0,
282,1,2115842894114,2117653332696,12,-5.27009,-122.301,4,8.683e+08,5,1,0,
282,4,2115842894114,2117653335392,12,-7.00638,-124.037,4,8.683e+08,5,1,0,
266,1,2118139554889,2119949994884,12,-2.98434,-120.015,4,8.683e+08,5,1,0,
266,2,2118139554889,2119950005564,12,-19.0496,-136.081,4,8.683e+08,5,1,0,
266,4,2118139554889,2119950007832,12,-17.6236,-134.654,4,8.683e+08,5,1,0,
47,1,2120804765450,2120876703336,7,23.4339,-93.597,4,8.683e+08,5,1,0,
22,1,2120996767619,2122807207236,12,-6.01839,-123.049,2,8.683e+08,5,1,0,
22,2,2120996767619,2122807211072,12,-11.4278,-128.459,2,8.683e+08,5,1,0,
239,3,2122373946228,2124184390201,12,-16.2064,-133.237,2,8.683e+08,5,1,0,
239,4,2122373946228,2124184385274,12,-13.91,-130.941,2,8.683e+08,5,1,0,
128,1,2123254991248,2125065430431,12,-1.86674,-118.898,2,8.683e+08,5,1,0,
400,1,2134144006926,2134215946100,7,5.95813,-111.073,4,8.683e+08,5,1,0,
228,3,2132732625038,2134543077336,12,-21.4257,-138.457,4,8.683e+08,5,1,0,
228,4,2132732625038,2134543070548,12,-12.3707,-129.402,4,8.683e+08,5,1,0,
383,1,2122829979618,2123817121569,11,1.1929,-115.838,4,8.683e+08,5,1,0,
383,2,2122829979618,2123817125035,11,-15.0304,-132.061,4,8.683e+08,5,1,0,
383,3,2122829979618,2123817126265,11,-17.3375,-134.368,4,8.683e+08,5,1,0,
383,4,2122829979618,2123817132215,11,-16.4461,-133.477,4,8.683e+08,5,1,0,
242,1,2140830190725,2141076979182,9,6.32692,-110.704,2,8.683e+08,5,1,0,
242,2,2140830190725,2141076986806,9,-10.0831,-127.114,2,8.683e+08,5,1,0,
242,3,2140830190725,2141076985106,9,-12.4667,-129.498,2,8.683e+08,5,1,0,
130,1,2129401117767,2131211555870,12,-0.148281,-117.179,4,8.683e+08,5,1,0,
130,3,2129401117767,2131211559787,12,-12.1084,-129.139,4,8.683e+08,5,1,0,
130,4,2129401117767,2131211559499,12,-18.7887,-135.82,4,8.683e+08,5,1,0,
293,3,2127661917786,2129472371445,12,-22.3596,-139.39,4,8.683e+08,5,1,0,
111,4,2127753431996,2129563880216,12,-20.4371,-137.468,4,8.683e+08,5,1,0,
37,1,2130547174270,2130999787332,10,3.38193,-113.649,4,8.683e+08,5,1,0,
37,2,2130547174270,2130999796454,10,-13.0604,-130.091,4,8.683e+08,5,1,0,
37,3,2130547174270,2130999792124,10,-6.19312,-123.224,4,8.683e+08,5,1,0,
64,1,2132059616937,2133870056365,12,-10.0936,-127.125,4,8.683e+08,5,1,0,
387,1,2131292966043,2131539754444,9,7.41862,-109.612,2,8.683e+08,5,1,0,
387,2,2131292966043,2131539765184,9,-14.4108,-131.442,2,8.683e+08,5,1,0,
109,2,2130175108611,2131985547985,12,-5.57853,-122.609,4,8.683e+08,5,1,0,
86,1,2133222888529,2133294827721,7,11.8454,-105.186,4,8.683e+08,5,1,0,
191,2,2134301110789,2136111563974,12,-21.8818,-138.913,2,8.683e+08,5,1,0,
191,4,2134301110789,2136111557594,12,-14.9687,-132,2,8.683e+08,5,1,0,
61,1,2134897768297,2134969707177,7,17.6115,-99.4194,2,8.683e+08,5,1,0,
177,1,2149616281679,2149688219929,7,18.5658,-98.4651,2,8.683e+08,5,1,0,
272,1,2134754029212,2134825965756,7,44.0566,-72.9743,2,8.683e+08,5,1,0,
203,1,2138112895518,2138565508277,10,3.58249,-113.448,4,8.683e+08,5,1,0,
203,2,2138112895518,2138565514211,10,-14.8815,-131.912,4,8.683e+08,5,1,0,
256,1,2151595228326,2151667166599,7,19.1342,-97.8967,2,8.683e+08,5,1,0,
165,1,2142754892207,2143001680802,9,1.94301,-115.088,4,8.683e+08,5,1,0,
165,2,2142754892207,2143001689850,9,-9.47856,-126.509,4,8.683e+08,5,1,0,
165,3,2142754892207,2143001686353,9,-7.07918,-124.11,4,8.683e+08,5,1,0,
73,1,2140555545165,2141008158096,10,4.69451,-112.336,4,8.683e+08,5,1,0,
73,2,2140555545165,2141008165788,10,-16.3171,-133.348,4,8.683e+08,5,1,0,
60,1,2144843128987,2145295741931,10,3.88806,-113.143,2,8.683e+08,5,1,0,
237,1,2146069545900,2147879985049,12,4.99913,-112.032,2,8.683e+08,5,1,0,
237,4,2146069545900,2147879994036,12,-21.2422,-138.273,2,8.683e+08,5,1,0,
92,1,2150035181057,2150487794183,10,4.71062,-112.32,2,8.683e+08,5,1,0,
92,2,2150035181057,2150487802014,10,-11.8327,-128.864,2,8.683e+08,5,1,0,
92,3,2150035181057,2150487798606,10,-6.90452,-123.935,2,8.683e+08,5,1,0,
6,3,2150280407643,2152090847803,12,-2.7374,-119.768,2,8.683e+08,5,1,0,
6,4,2150280407643,2152090851052,12,-11.119,-128.15,2,8.683e+08,5,1,0,
106,1,2150487610395,2150621246206,8,1.88407,-115.147,4,8.683e+08,5,1,0,
53,1,2153944940935,2154191729512,9,-3.04421,-120.075,2,8.683e+08,5,1,0,
53,2,2153944940935,2154191736685,9,-6.92381,-123.955,2,8.683e+08,5,1,0,
53,3,2153944940935,2154191735319,9,-4.15435,-121.185,2,8.683e+08,5,1,0,
295,1,2153317311287,2153389250004,7,6.78949,-110.241,2,8.683e+08,5,1,0,
231,1,2156710347514,2157162960631,10,-14.2475,-131.278,2,8.683e+08,5,1,0,
390,1,2151323003628,2151775616710,10,-0.605584,-117.636,2,8.683e+08,5,1,0,
339,1,2150535553459,2152345992814,12,-1.69411,-118.725,2,8.683e+08,5,1,0,
247,1,2159552976151,2161363415746,12,-8.35751,-125.388,4,8.683e+08,5,1,0,
247,2,2159552976151,2161363422308,12,-16.034,-133.065,4,8.683e+08,5,1,0,
350,1,2152953846551,2153025786091,7,10.6383,-106.393,2,8.683e+08,5,1,0,
361,1,2164645828643,2164717765766,7,28.0841,-88.9468,2,8.685e+08,6,1,0,
217,1,2155049489413,2156036631173,11,-0.565516,-117.596,2,8.683e+08,5,1,0,
217,2,2155049489413,2156036641177,11,-18.0993,-135.13,2,8.683e+08,5,1,0,
41,1,2155108824070,2155180762795,7,18.2287,-98.8022,2,8.683e+08,5,1,0,
271,1,2156112256029,2157922694542,12,0.740548,-116.29,2,8.683e+08,5,1,0,
271,3,2156112256029,2157922706505,12,-21.2087,-138.24,2,8.683e+08,5,1,0,
271,4,2156112256029,2157922700305,12,-19.9011,-136.932,2,8.683e+08,5,1,0,
101,1,2158634541136,2159621682641,11,-6.55981,-123.591,2,8.683e+08,5,1,0,
101,2,2158634541136,2159621687274,11,-13.2464,-130.277,2,8.683e+08,5,1,0,
101,3,2158634541136,2159621687571,11,-11.5424,-128.573,2,8.683e+08,5,1,0,
101,4,2158634541136,2159621693003,11,-18.508,-135.539,2,8.683e+08,5,1,0,
78,1,2161251736633,2161385372404,8,12.6003,-104.431,2,8.685e+08,6,1,0,
26,1,2158233729823,2158305668715,7,8.12787,-108.903,2,8.683e+08,5,1,0,
178,1,2162988474011,2163122109720,8,4.52725,-112.504,2,8.685e+08,6,1,0,
273,1,2165164001694,2165235938685,7,26.4678,-90.5631,2,8.685e+08,6,1,0,
121,1,2164589558159,2166399997966,12,-3.92976,-120.961,4,8.685e+08,6,1,0,
121,2,2164589558159,2166400006996,12,-18.7632,-135.794,4,8.685e+08,6,1,0,
121,3,2164589558159,2166399999190,12,-9.22403,-126.255,4,8.685e+08,6,1,0,
121,4,2164589558159,2166399998783,12,-5.64438,-122.675,4,8.685e+08,6,1,0,
30,1,2162435540954,2164245981141,12,-15.0361,-132.067,4,8.685e+08,6,1,0,
30,2,2162435540954,2164245984484,12,-15.2273,-132.258,4,8.685e+08,6,1,0,
59,1,2174951425528,2175404038530,10,3.95134,-113.08,2,8.685e+08,6,1,0,
59,3,2174951425528,2175404043764,10,-13.6344,-130.665,2,8.685e+08,6,1,0,
319,1,2165956363491,2167766802779,12,-2.26816,-119.299,2,8.685e+08,6,1,0,
56,1,2171537193227,2171609130149,7,39.3203,-77.7106,2,8.685e+08,6,1,0,
249,1,2175282252305,2175415888311,8,5.18847,-111.842,4,8.685e+08,6,1,0,
216,1,2175481935483,2175934548467,10,6.54284,-110.488,2,8.685e+08,6,1,0,
216,4,2175481935483,2175934557634,10,-13.614,-130.645,2,8.685e+08,6,1,0,
347,4,2169789850813,2171600294614,12,-6.43693,-123.468,4,8.685e+08,6,1,0,
229,1,2175298999851,2175370938701,7,12.6498,-104.381,4,8.685e+08,6,1,0,
213,1,2172950197769,2174760638127,12,-13.8565,-130.887,4,8.685e+08,6,1,0,
79,1,2176642414225,2176714352836,7,19.5371,-97.4938,2,8.685e+08,6,1,0,
357,1,2178230552187,2178302489171,7,36.7705,-80.2604,4,8.685e+08,6,1,0,
76,2,2178552874014,2180363316241,12,-6.9253,-123.956,4,8.685e+08,6,1,0,
303,1,2176401930286,2176473868154,7,18.2608,-98.7701,2,8.685e+08,6,1,0,
280,1,2179385699032,2179457636677,7,24.419,-92.6119,4,8.685e+08,6,1,0,
18,1,2182158425862,2182405214472,9,10.466,-106.565,2,8.685e+08,6,1,0,
308,1,2180690664021,2180762601815,7,27.3985,-89.6324,4,8.685e+08,6,1,0,
206,3,2187544152543,2189354604716,12,-18.5256,-135.557,2,8.685e+08,6,1,0,
215,2,2182803900080,2184614340182,12,-9.07663,-126.108,4,8.685e+08,6,1,0,
215,3,2182803900080,2184614344392,12,-16.6638,-133.695,4,8.685e+08,6,1,0,
313,1,2183464891967,2185275330393,12,-1.55657,-118.587,4,8.685e+08,6,1,0,
313,4,2183464891967,2185275337682,12,-18.5605,-135.591,4,8.685e+08,6,1,0,
152,1,2191230959486,2192218101183,11,-0.601682,-117.633,2,8.685e+08,6,1,0,
152,4,2191230959486,2192218115532,11,-17.7068,-134.738,2,8.685e+08,6,1,0,
104,1,2190877288418,2192687727934,12,-7.01738,-124.048,4,8.685e+08,6,1,0,
104,2,2190877288418,2192687733794,12,-20.6325,-137.663,4,8.685e+08,6,1,0,
276,1,2185959244547,2187769683396,12,-2.97975,-120.011,4,8.685e+08,6,1,0,
276,2,2185959244547,2187769685695,12,-13.5153,-130.546,4,8.685e+08,6,1,0,
276,3,2185959244547,2187769692451,12,-17.6105,-134.641,4,8.685e+08,6,1,0,
19,1,2184994361130,2185241149552,9,6.26182,-110.769,4,8.685e+08,6,1,0,
19,4,2184994361130,2185241155668,9,-6.19425,-123.225,4,8.685e+08,6,1,0,
356,1,2185264668720,2185717281780,10,0.787344,-116.244,2,8.685e+08,6,1,0,
356,3,2185264668720,2185717296052,10,-16.6701,-133.701,2,8.685e+08,6,1,0,
377,1,2186870808245,2187117596505,9,11.6819,-105.349,4,8.685e+08,6,1,0,
377,2,2186870808245,2187117603352,9,-11.0299,-128.061,4,8.685e+08,6,1,0,
90,1,2188145334268,2189132475882,11,-3.54148,-120.572,2,8.685e+08,6,1,0,
90,2,2188145334268,2189132485532,11,-16.446,-133.477,2,8.685e+08,6,1,0,
90,3,2188145334268,2189132480155,11,-15.0983,-132.129,2,8.685e+08,6,1,0,
90,4,2188145334268,2189132480833,11,-11.1936,-128.224,2,8.685e+08,6,1,0,
328,1,2190386488400,2191373630320,11,-0.620855,-117.652,2,8.685e+08,6,1,0,
328,2,2190386488400,2191373638779,11,-15.5844,-132.615,2,8.685e+08,6,1,0,
328,4,2190386488400,2191373635650,11,-14.6124,-131.643,2,8.685e+08,6,1,0,
52,1,2188559321011,2190369761184,12,-1.93878,-118.97,4,8.685e+08,6,1,0,
52,4,2188559321011,2190369765256,12,-18.6431,-135.674,4,8.685e+08,6,1,0,
379,1,2189817693513,2189951329444,8,6.64429,-110.387,2,8.685e+08,6,1,0,
329,1,2191974890058,2192108525808,8,10.8485,-106.182,2,8.685e+08,6,1,0,
14,1,2200910166155,2201897307961,11,-7.33678,-124.368,4,8.685e+08,6,1,0,
43,1,2192880000695,2194690440408,12,-4.96859,-121.999,4,8.685e+08,6,1,0,
43,2,2192880000695,2194690439658,12,-2.18239,-119.213,4,8.685e+08,6,1,0,
335,1,2210440732839,2212251171601,12,-4.51222,-121.543,4,8.685e+08,6,1,0,
335,2,2210440732839,2212251185329,12,-20.7438,-137.775,4,8.685e+08,6,1,0,
355,1,2196407459605,2196479397005,7,17.7467,-99.2842,4,8.685e+08,6,1,0,
71,1,2196304562937,2198115003236,12,-0.793367,-117.824,4,8.685e+08,6,1,0,
71,2,2196304562937,2198115010772,12,-17.2238,-134.255,4,8.685e+08,6,1,0,
71,3,2196304562937,2198115002589,12,-2.88841,-119.919,4,8.685e+08,6,1,0,
71,4,2196304562937,2198115004530,12,-10.2028,-127.234,4,8.685e+08,6,1,0,
179,4,2222510553627,2223497699672,11,-10.9473,-127.978,4,8.685e+08,6,1,0,
87,1,2200532990301,2202343430141,12,-8.89091,-125.922,4,8.685e+08,6,1,0,
87,3,2200532990301,2202343433889,12,-6.71211,-123.743,4,8.685e+08,6,1,0,
87,4,2200532990301,2202343429309,12,-0.331026,-117.362,4,8.685e+08,6,1,0,
226,1,2200564648331,2201017261166,10,-1.63163,-118.663,4,8.685e+08,6,1,0,
226,2,2200564648331,2201017270593,10,-15.6587,-132.69,4,8.685e+08,6,1,0,
226,3,2200564648331,2201017266432,10,-11.515,-128.546,4,8.685e+08,6,1,0,
193,1,2199405729965,2201216168972,12,-6.84763,-123.879,2,8.685e+08,6,1,0,
193,2,2199405729965,2201216172139,12,-7.4124,-124.443,2,8.685e+08,6,1,0,
72,1,2214241684797,2214488473377,9,11.771,-105.26,4,8.685e+08,6,1,0,
72,2,2214241684797,2214488480760,9,-10.9554,-127.986,4,8.685e+08,6,1,0,
393,1,2202390387025,2204200827174,12,-4.17377,-121.205,4,8.685e+08,6,1,0,
393,2,2202390387025,2204200827325,12,-8.13038,-125.161,4,8.685e+08,6,1,0,
393,3,2202390387025,2204200828019,12,-10.5918,-127.623,4,8.685e+08,6,1,0,
393,4,2202390387025,2204200836164,12,-19.5644,-136.595,4,8.685e+08,6,1,0,
77,1,2222452458150,2224262898411,12,-11.7732,-128.804,2,8.685e+08,6,1,0,
77,4,2222452458150,2224262904000,12,-19.1661,-136.197,2,8.685e+08,6,1,0,
70,1,2203131060137,2203377848749,9,-1.93695,-118.968,2,8.685e+08,6,1,0,
70,2,2203131060137,2203377854397,9,-13.8717,-130.903,2,8.685e+08,6,1,0,
70,3,2203131060137,2203377856082,9,-9.45622,-126.487,2,8.685e+08,6,1,0,
338,1,2207585391201,2209395830902,12,-7.44745,-124.478,2,8.685e+08,6,1,0,
338,4,2207585391201,2209395845058,12,-21.8518,-138.883,2,8.685e+08,6,1,0,
155,1,2210756010096,2211002798581,9,3.19573,-113.835,2,8.685e+08,6,1,0,
155,4,2210756010096,2211002804667,9,-7.71367,-124.745,2,8.685e+08,6,1,0,
198,1,2204888319517,2206698758338,12,-6.69854,-123.729,2,8.685e+08,6,1,0,
198,4,2204888319517,2206698767507,12,-18.1733,-135.204,2,8.685e+08,6,1,0,
307,3,2217851656674,2219662097504,12,-4.53337,-121.564,2,8.685e+08,6,1,0,
307,4,2217851656674,2219662099108,12,-14.8849,-131.916,2,8.685e+08,6,1,0,
325,1,2212252000931,2213239142768,11,-15.8918,-132.923,4,8.685e+08,6,1,0,
137,1,2213763136273,2215573575425,12,-2.70444,-119.735,2,8.685e+08,6,1,0,
137,4,2213763136273,2215573576846,12,-14.9288,-131.96,2,8.685e+08,6,1,0,
124,1,2222585699404,2223572840779,11,-0.865465,-117.896,4,8.685e+08,6,1,0,
93,1,2215387152555,2217197591795,12,-8.56381,-125.595,4,8.685e+08,6,1,0,
93,3,2215387152555,2217197592252,12,-1.95393,-118.985,4,8.685e+08,6,1,0,
93,4,2215387152555,2217197598658,12,-12.9329,-129.964,4,8.685e+08,6,1,0,
46,1,2216756038443,2218566478531,12,-10.9203,-127.951,4,8.685e+08,6,1,0,
166,1,2218350245826,2219337387520,11,4.44161,-112.589,2,8.685e+08,6,1,0,
324,3,2220630364663,2222440816787,12,-21.9703,-139.001,4,8.685e+08,6,1,0,
324,4,2220630364663,2222440810614,12,-17.7812,-134.812,4,8.685e+08,6,1,0,
344,1,2220314682560,2222125120947,12,-6.10328,-123.134,4,8.685e+08,6,1,0,
344,2,2220314682560,2222125126561,12,-19.7069,-136.738,4,8.685e+08,6,1,0,
172,1,2230716233884,2232526672810,12,0.675468,-116.355,4,8.685e+08,6,1,0,
172,2,2230716233884,2232526677666,12,-11.3887,-128.42,4,8.685e+08,6,1,0,
107,2,2226728421552,2228538861293,12,-10.6751,-127.706,2,8.685e+08,6,1,0,
107,3,2226728421552,2228538866711,12,-12.5989,-129.63,2,8.685e+08,6,1,0,
175,1,2227846397420,2229656835655,12,2.80605,-114.225,4,8.685e+08,6,1,0,
279,1,2229239840946,2229311778716,7,27.4258,-89.6051,2,8.685e+08,6,1,0,
174,4,2225204049256,2227014491679,12,-9.86624,-126.897,2,8.685e+08,6,1,0,
84,1,2230326316196,2230459952174,8,11.2976,-105.733,2,8.685e+08,6,1,0,
392,1,2233133888024,2234944326180,12,-10.5177,-127.549,2,8.685e+08,6,1,0,
392,2,2233133888024,2234944330317,12,-6.53694,-123.568,2,8.685e+08,6,1,0,
392,3,2233133888024,2234944336463,12,-19.4188,-136.45,2,8.685e+08,6,1,0,
392,4,2233133888024,2234944340458,12,-22.2425,-139.273,2,8.685e+08,6,1,0,
234,3,2229093460555,2230903903044,12,-10.1803,-127.211,2,8.685e+08,6,1,0,
234,4,2229093460555,2230903900881,12,-9.96752,-126.998,2,8.685e+08,6,1,0,
235,1,2249191136163,2249263074271,7,8.44155,-108.589,2,8.685e+08,6,1,0,
114,1,2239234727202,2239481515418,9,-6.85745,-123.888,4,8.685e+08,6,1,0,
114,3,2239234727202,2239481527493,9,-13.5894,-130.62,4,8.685e+08,6,1,0,
98,1,2235078941438,2235531554670,10,-1.67481,-118.706,2,8.685e+08,6,1,0,
212,2,2234881338229,2236691778636,12,-16.8331,-133.864,4,8.685e+08,6,1,0,
212,3,2234881338229,2236691782935,12,-18.1351,-135.166,4,8.685e+08,6,1,0,
118,1,2239701606859,2240154219986,10,0.389633,-116.641,2,8.685e+08,6,1,0,
118,2,2239701606859,2240154227105,10,-15.9518,-132.983,2,8.685e+08,6,1,0,
158,2,2236526807155,2238337259116,12,-22.1761,-139.207,4,8.685e+08,6,1,0,
15,1,2239684044005,2241494482247,12,-3.15645,-120.187,2,8.685e+08,6,1,0,
15,4,2239684044005,2241494492981,12,-22.358,-139.389,2,8.685e+08,6,1,0,
135,1,2236190228883,2238000668574,12,0.995925,-116.035,4,8.685e+08,6,1,0,
135,3,2236190228883,2238000675369,12,-20.4617,-137.493,4,8.685e+08,6,1,0,
135,4,2236190228883,2238000668291,12,-1.84143,-118.872,4,8.685e+08,6,1,0,
224,1,2236719001354,2236965789913,9,5.36347,-111.667,4,8.685e+08,6,1,0,
224,4,2236719001354,2236965797051,9,-7.68612,-124.717,4,8.685e+08,6,1,0,
252,1,2241185197590,2241318833500,8,2.3985,-114.632,4,8.685e+08,6,1,0,
291,1,2249351971900,2250339113215,11,5.20186,-111.829,4,8.685e+08,6,1,0,
291,2,2249351971900,2250339127173,11,-18.0665,-135.097,4,8.685e+08,6,1,0,
267,1,2242747132632,2244557572545,12,-1.95364,-118.985,4,8.685e+08,6,1,0,
267,4,2242747132632,2244557579867,12,-17.2805,-134.311,4,8.685e+08,6,1,0,
113,1,2241012807901,2241999949354,11,3.36883,-113.662,4,8.685e+08,6,1,0,
113,2,2241012807901,2241999954341,11,-13.5216,-130.552,4,8.685e+08,6,1,0,
113,3,2241012807901,2241999954104,11,-15.0661,-132.097,4,8.685e+08,6,1,0,
148,1,2243814216180,2243886153108,7,35.4584,-81.5725,2,8.685e+08,6,1,0,
297,1,2242458189472,2242704978010,9,9.43076,-107.6,4,8.685e+08,6,1,0,
297,2,2242458189472,2242704983689,9,-6.97947,-124.01,4,8.685e+08,6,1,0,
310,1,2246211855340,2248022295441,12,-11.112,-128.143,4,8.685e+08,6,1,0,
310,2,2246211855340,2248022307426,12,-20.8931,-137.924,4,8.685e+08,6,1,0,
232,2,2249628341618,2250615497283,11,-18.3552,-135.386,4,8.685e+08,6,1,0,
232,4,2249628341618,2250615494348,11,-13.7022,-130.733,4,8.685e+08,6,1,0,
28,1,2255627199097,2255760834964,8,11.6278,-105.403,4,8.685e+08,6,1,0,
298,1,2248584602341,2250395040529,12,-12.1583,-129.189,4,8.685e+08,6,1,0,
298,2,2248584602341,2250395043733,12,-10.1856,-127.216,4,8.685e+08,6,1,0,
164,1,2252178360264,2253165502256,11,1.3923,-115.639,4,8.685e+08,6,1,0,
164,4,2252178360264,2253165507075,11,-9.81932,-126.85,4,8.685e+08,6,1,0,
221,1,2256796485459,2257249098286,10,-8.06618,-125.097,2,8.685e+08,6,1,0,
151,1,2254322877587,2254775490880,10,8.62703,-108.404,2,8.685e+08,6,1,0,
403,1,2251878030959,2251949968096,7,36.3848,-80.6461,2,8.685e+08,6,1,0,
12,4,2251423327107,2253233777109,12,-19.041,-136.072,4,8.685e+08,6,1,0,
181,1,2254513897649,2254966510389,10,8.0787,-108.952,2,8.685e+08,6,1,0,
181,3,2254513897649,2254966516716,10,-14.1445,-131.175,2,8.685e+08,6,1,0,
5,1,2253249952354,2253496740524,9,9.03008,-108.001,2,8.685e+08,6,1,0,
5,2,2253249952354,2253496748449,9,-10.1051,-127.136,2,8.685e+08,6,1,0,
304,1,2254986418830,2256796858994,12,-16.1605,-133.191,4,8.685e+08,6,1,0,
304,2,2254986418830,2256796868218,12,-16.2997,-133.331,4,8.685e+08,6,1,0,
304,3,2254986418830,2256796860072,12,-13.1448,-130.176,4,8.685e+08,6,1,0,
304,4,2254986418830,2256796858897,12,-3.76377,-120.795,4,8.685e+08,6,1,0,
333,1,2262308560787,2262761173697,10,1.7676,-115.263,4,8.685e+08,6,1,0,
333,2,2262308560787,2262761181386,10,-14.7555,-131.786,4,8.685e+08,6,1,0,
300,1,2264618876018,2265606017595,11,4.39763,-112.633,4,8.685e+08,6,1,0,
300,4,2264618876018,2265606022335,11,-6.88282,-123.914,4,8.685e+08,6,1,0,
99,1,2292025227552,2293012369195,11,-5.18395,-122.215,2,8.685e+08,6,1,0,
99,2,2292025227552,2293012373713,11,-10.1625,-127.193,2,8.685e+08,6,1,0,
99,3,2292025227552,2293012373764,11,-9.93393,-126.965,2,8.685e+08,6,1,0,
296,1,2258732263710,2260542702959,12,-7.78387,-124.815,2,8.685e+08,6,1,0,
296,2,2258732263710,2260542706480,12,-11.8919,-128.923,2,8.685e+08,6,1,0,
296,3,2258732263710,2260542703643,12,-14.4312,-131.462,2,8.685e+08,6,1,0,
185,4,2260151993556,2261962435270,12,-9.05657,-126.087,4,8.685e+08,6,1,0,
287,1,2258096436980,2258168375733,7,16.5572,-100.474,4,8.685e+08,6,1,0,
211,1,2273974777327,2274046715038,7,21.8791,-95.1518,2,8.685e+08,6,1,0,
375,2,2260845520807,2262655963863,12,-16.6242,-133.655,4,8.685e+08,6,1,0,
375,3,2260845520807,2262655960023,12,0.622516,-116.408,4,8.685e+08,6,1,0,
334,1,2262956103490,2263408716635,10,0.834667,-116.196,2,8.685e+08,6,1,0,
334,2,2262956103490,2263408727037,10,-15.606,-132.637,2,8.685e+08,6,1,0,
146,1,2272056190024,2273866629930,12,-2.32746,-119.358,4,8.685e+08,6,1,0,
154,1,2264526413898,2264773202311,9,9.73275,-107.298,4,8.685e+08,6,1,0,
62,1,2263534073964,2265344513758,12,-11.63,-128.661,4,8.685e+08,6,1,0,
62,2,2263534073964,2265344513510,12,-10.0024,-127.033,4,8.685e+08,6,1,0,
62,3,2263534073964,2265344520908,12,-18.3039,-135.335,4,8.685e+08,6,1,0,
25,1,2266571440624,2266705076425,8,7.18649,-109.844,2,8.685e+08,6,1,0,
25,2,2266571440624,2266705084825,8,-9.81621,-126.847,2,8.685e+08,6,1,0,
21,1,2267170805151,2268981245588,12,-2.29183,-119.323,4,8.685e+08,6,1,0,
21,2,2267170805151,2268981252104,12,-22.1507,-139.182,4,8.685e+08,6,1,0,
58,1,2268859766350,2269846908347,11,-1.40563,-118.437,4,8.685e+08,6,1,0,
58,3,2268859766350,2269846916006,11,-17.7799,-134.811,4,8.685e+08,6,1,0,
58,4,2268859766350,2269846911136,11,-15.7291,-132.76,4,8.685e+08,6,1,0,
127,1,2270145455475,2270279091290,8,5.83471,-111.196,4,8.685e+08,6,1,0,
283,1,2277472646524,2277544584728,7,18.5236,-98.5073,2,8.685e+08,6,1,0,
35,1,2269822311886,2269894250696,7,8.44483,-108.586,4,8.685e+08,6,1,0,
314,1,2271152117150,2272139259017,11,-13.2462,-130.277,4,8.685e+08,6,1,0,
194,2,2272216373398,2274026820813,12,-14.097,-131.128,4,8.685e+08,6,1,0,
183,1,2277129456774,2278116598674,11,-4.39597,-121.427,2,8.685e+08,6,1,0,
183,2,2277129456774,2278116601770,11,-11.0544,-128.085,2,8.685e+08,6,1,0,
320,1,2277864158702,2277936097966,7,7.84778,-109.183,2,8.685e+08,6,1,0,
278,1,2278335086651,2280145525528,12,-1.15875,-118.19,4,8.685e+08,6,1,0,
278,4,2278335086651,2280145528733,12,-8.26723,-125.298,4,8.685e+08,6,1,0,
281,1,2278513478034,2278585416667,7,4.87458,-112.156,2,8.685e+08,6,1,0,
261,1,2283305496380,2283377434406,7,21.1304,-95.9005,2,8.685e+08,6,1,0,
253,2,2279851572581,2281662018135,12,-18.6484,-135.679,2,8.685e+08,6,1,0,
253,3,2279851572581,2281662012660,12,-8.06446,-125.095,2,8.685e+08,6,1,0,
352,1,2280997254496,2282807694357,12,-3.65197,-120.683,4,8.685e+08,6,1,0,
352,4,2280997254496,2282807695851,12,-14.429,-131.46,4,8.685e+08,6,1,0,
116,1,2290904085838,2291891227822,11,-4.96744,-121.998,2,8.685e+08,6,1,0,
116,2,2290904085838,2291891231569,11,-9.60782,-126.639,2,8.685e+08,6,1,0,
222,3,2292035290530,2293845731385,12,-9.81557,-126.846,4,8.685e+08,6,1,0,
222,4,2292035290530,2293845730696,12,-5.64164,-122.673,4,8.685e+08,6,1,0,
294,1,2283118745640,2283190684110,7,17.7939,-99.237,4,8.685e+08,6,1,0,
8,1,2286502827479,2286955440480,10,-4.20431,-121.235,2,8.685e+08,6,1,0,
8,3,2286502827479,2286955453794,10,-16.7741,-133.805,2,8.685e+08,6,1,0,
343,1,2286145211048,2287955649855,12,-13.066,-130.097,2,8.685e+08,6,1,0,
343,4,2286145211048,2287955652102,12,-4.45696,-121.488,2,8.685e+08,6,1,0,
305,1,2292287381225,2294097820863,12,-2.96737,-119.998,2,8.685e+08,6,1,0,
305,2,2292287381225,2294097820333,12,-6.54754,-123.578,2,8.685e+08,6,1,0,
27,1,2295745708708,2296198321551,10,0.722322,-116.309,4,8.685e+08,6,1,0,
27,2,2295745708708,2296198327767,10,-10.4624,-127.493,4,8.685e+08,6,1,0,
100,1,2287719407558,2287966195773,9,7.76529,-109.266,2,8.685e+08,6,1,0,
312,1,2288076447146,2289886886802,12,-3.15773,-120.189,4,8.685e+08,6,1,0,
312,2,2288076447146,2289886889817,12,-9.05346,-126.084,4,8.685e+08,6,1,0,
195,1,2290567068606,2292377507796,12,-1.54673,-118.578,2,8.685e+08,6,1,0,
97,1,2296290562951,2298101002093,12,0.17392,-116.857,4,8.685e+08,6,1,0,
97,2,2296290562951,2298101003493,12,-13.6244,-130.655,4,8.685e+08,6,1,0,
96,4,2297289517297,2299099956991,12,-8.22744,-125.258,4,8.685e+08,6,1,0,
286,3,2297377946967,2299188388835,12,-13.2306,-130.261,4,8.685e+08,6,1,0,
141,1,2299650265520,2299722203786,7,20.8608,-96.1701,2,8.685e+08,6,1,0,
201,3,2300123732599,2301934173909,12,-12.3657,-129.397,2,8.685e+08,6,1,0,
122,1,2300307584876,2300379524301,7,7.17311,-109.858,2,8.685e+08,6,1,0,
360,1,2298521922578,2300332361574,12,-0.571075,-117.602,2,8.685e+08,6,1,0,
24,4,2300552484317,2302362924011,12,-2.65256,-119.683,2,8.685e+08,6,1,0,
197,1,2306720028528,2306791966217,7,20.6626,-96.3683,2,8.685e+08,6,1,0,
318,1,2301162505011,2302972943451,12,0.0735871,-116.957,2,8.685e+08,6,1,0,
318,2,2301162505011,2302972950348,12,-18.8415,-135.872,2,8.685e+08,6,1,0,
54,1,2303183019949,2303635632728,10,-9.32898,-126.36,2,8.685e+08,6,1,0,
54,3,2303183019949,2303635638110,10,-15.7987,-132.83,2,8.685e+08,6,1,0,
54,4,2303183019949,2303635639680,10,-11.0657,-128.097,2,8.685e+08,6,1,0,
255,1,2303422483558,2303669271834,9,-9.31672,-126.348,2,8.685e+08,6,1,0,
255,4,2303422483558,2303669280006,9,-8.52183,-125.553,2,8.685e+08,6,1,0,
200,1,2306494175119,2308304613236,12,-8.22486,-125.256,4,8.685e+08,6,1,0,
200,4,2306494175119,2308304625595,12,-19.5141,-136.545,4,8.685e+08,6,1,0,
385,1,2302988967146,2303235755627,9,1.58512,-115.446,4,8.685e+08,6,1,0,
274,1,2304581139067,2304714775174,8,7.96258,-109.068,2,8.685e+08,6,1,0,
369,1,2304707361483,2304779300065,7,7.96035,-109.071,4,8.685e+08,6,1,0,
20,1,2305365118123,2305611906432,9,6.99745,-110.033,2,8.685e+08,6,1,0,
20,3,2305365118123,2305611912639,9,-8.22719,-125.258,2,8.685e+08,6,1,0,
23,1,2307095169340,2307167108337,7,-2.88838,-119.919,2,8.685e+08,6,1,0,
341,1,2306346119437,2307333261265,11,-11.3959,-128.427,4,8.685e+08,6,1,0,
341,2,2306346119437,2307333271739,11,-17.1599,-134.191,4,8.685e+08,6,1,0,
341,3,2306346119437,2307333265930,11,-9.41044,-126.441,4,8.685e+08,6,1,0,
341,4,2306346119437,2307333265114,11,-13.551,-130.582,4,8.685e+08,6,1,0,
301,1,2307271248324,2307343187404,7,10.4875,-106.543,2,8.685e+08,6,1,0,
236,1,2310677889553,2310749829153,7,-0.566262,-117.597,4,8.685e+08,6,1,0,
330,2,2317896473846,2319706914971,12,-14.2866,-131.317,2,8.685e+08,6,1,0,
330,3,2317896473846,2319706915381,12,-8.97127,-126.002,2,8.685e+08,6,1,0,
345,2,2309888137127,2311698577721,12,-2.3168,-119.348,4,8.685e+08,6,1,0,
149,1,2309852192926,2309924131524,7,20.8795,-96.1514,4,8.685e+08,6,1,0,
337,1,2309588293218,2311398731939,12,-0.422122,-117.453,2,8.685e+08,6,1,0,
342,1,2311422710534,2311669498676,9,3.33401,-113.697,4,8.685e+08,6,1,0,
299,1,2311093382441,2312080524282,11,3.27697,-113.754,4,8.685e+08,6,1,0,
161,3,2310367328961,2312177767555,12,-2.49717,-119.528,4,8.685e+08,6,1,0,
161,4,2310367328961,2312177774507,12,-14.7145,-131.745,4,8.685e+08,6,1,0,
45,1,2312396202501,2312848815772,10,-1.18816,-118.219,2,8.685e+08,6,1,0,
45,4,2312396202501,2312848823509,10,-11.7991,-128.83,2,8.685e+08,6,1,0,
134,1,2318044351664,2319854791607,12,-0.535068,-117.566,2,8.685e+08,6,1,0,
134,4,2318044351664,2319854790605,12,-11.3622,-128.393,2,8.685e+08,6,1,0,
367,2,2327094445591,2328904885798,12,-0.301108,-117.332,4,8.685e+08,6,1,0,
39,1,2318366950848,2318438889902,7,13.6803,-103.351,4,8.685e+08,6,1,0,
386,1,2313858085191,2313930023158,7,21.5392,-95.4917,4,8.685e+08,6,1,0,
316,1,2326205651837,2328016091911,12,-6.34962,-123.381,4,8.685e+08,6,1,0,
316,4,2326205651837,2328016090438,12,-4.97487,-122.006,4,8.685e+08,6,1,0,
389,4,2327429620983,2329240061648,12,-3.39411,-120.425,2,8.685e+08,6,1,0,
388,1,2320742365726,2320876001636,8,3.13965,-113.891,2,8.685e+08,6,1,0,
388,4,2320742365726,2320876008711,8,-10.0891,-127.12,2,8.685e+08,6,1,0,
331,1,2328603420246,2328850208466,9,-0.717989,-117.749,4,8.685e+08,6,1,0,
133,3,2326073181551,2327883622786,12,-11.5201,-128.551,2,8.685e+08,6,1,0,
270,1,2330271873525,2332082313884,12,-13.0203,-130.051,2,8.685e+08,6,1,0,
270,2,2330271873525,2332082327078,12,-20.0781,-137.109,2,8.685e+08,6,1,0,
270,3,2330271873525,2332082320686,12,-16.3716,-133.403,2,8.685e+08,6,1,0,
270,4,2330271873525,2332082312635,12,-10.1022,-127.133,2,8.685e+08,6,1,0,
401,1,2330945513453,2331398126516,10,-4.65726,-121.688,4,8.685e+08,6,1,0,
123,4,2342479185359,2344289628204,12,-9.03693,-126.068,2,8.685e+08,6,1,0,
378,1,2335537799250,2337348239336,12,-2.38906,-119.42,4,8.685e+08,6,1,0,
250,4,2334604595741,2336415040073,12,-15.8635,-132.894,4,8.685e+08,6,1,0,
260,1,2342993587559,2343446200625,10,-6.13955,-123.17,2,8.685e+08,6,1,0,
260,2,2342993587559,2343446208513,10,-16.2042,-133.235,2,8.685e+08,6,1,0,
402,1,2332845546657,2332979182392,8,7.37156,-109.659,4,8.685e+08,6,1,0,
251,1,2341533054858,2341604992741,7,24.0054,-93.0255,2,8.685e+08,6,1,0,
254,1,2333145053111,2334955492268,12,-3.73214,-120.763,2,8.685e+08,6,1,0,
254,2,2333145053111,2334955494327,12,-7.63837,-124.669,2,8.685e+08,6,1,0,
254,3,2333145053111,2334955501455,12,-18.6735,-135.704,2,8.685e+08,6,1,0,
364,1,2337077484027,2338887922922,12,-7.96908,-125,4,8.685e+08,6,1,0,
364,3,2337077484027,2338887928062,12,-15.1684,-132.199,4,8.685e+08,6,1,0,
364,4,2337077484027,2338887923870,12,-7.89732,-124.928,4,8.685e+08,6,1,0,
358,1,2349176884049,2349248823365,7,13.4616,-103.569,4,8.685e+08,6,1,0,
321,1,2339303912580,2339756525267,10,-9.61555,-126.646,2,8.685e+08,6,1,0,
321,2,2339303912580,2339756531159,10,-14.0824,-131.113,2,8.685e+08,6,1,0,
321,3,2339303912580,2339756531789,10,-15.4087,-132.44,2,8.685e+08,6,1,0,
321,4,2339303912580,2339756536425,10,-14.9826,-132.014,2,8.685e+08,6,1,0,
230,1,2343111397644,2344921836353,12,-0.991998,-118.023,2,8.685e+08,6,1,0,
230,2,2343111397644,2344921837662,12,-9.04985,-126.081,2,8.685e+08,6,1,0,
269,1,2343351963055,2343485598676,8,13.3076,-103.723,4,8.685e+08,6,1,0,
269,3,2343351963055,2343485606429,8,-11.0703,-128.101,4,8.685e+08,6,1,0,
336,1,2346314248059,2348124687088,12,-0.946756,-117.978,2,8.685e+08,6,1,0,
48,1,2350035870412,2350169506332,8,1.6171,-115.414,2,8.685e+08,6,1,0,
248,1,2351721621928,2351793559104,7,34.2053,-82.8256,2,8.685e+08,6,1,0,
139,1,2343608311506,2343855099669,9,0.0003867,-117.031,4,8.685e+08,6,1,0,
139,2,2343608311506,2343855106933,9,-10.0748,-127.106,4,8.685e+08,6,1,0,
188,1,2344329941855,2345317083702,11,4.86906,-112.162,4,8.685e+08,6,1,0,
188,4,2344329941855,2345317098325,11,-18.1378,-135.169,4,8.685e+08,6,1,0,
95,1,2348956173692,2349089809373,8,10.955,-106.076,2,8.685e+08,6,1,0,
353,1,2351862800761,2353673239893,12,-10.4818,-127.513,4,8.685e+08,6,1,0,
353,2,2351862800761,2353673240344,12,-7.19456,-124.225,4,8.685e+08,6,1,0,
353,3,2351862800761,2353673244929,12,-12.6688,-129.7,4,8.685e+08,6,1,0,
332,1,2355507787453,2357318225959,12,-0.602111,-117.633,4,8.685e+08,6,1,0,
49,2,2358305696204,2359292841046,11,-15.6805,-132.711,2,8.685e+08,6,1,0,
49,3,2358305696204,2359292843953,11,-13.3104,-130.341,2,8.685e+08,6,1,0,
285,1,2355495481059,2356482622833,11,3.43635,-113.595,2,8.685e+08,6,1,0,
240,4,2354316148650,2356126591817,12,-6.63893,-123.67,4,8.685e+08,6,1,0,
81,3,2356282561502,2357269714479,11,-19.2786,-136.31,4,8.685e+08,6,1,0,
81,4,2356282561502,2357269708612,11,-12.0392,-129.07,4,8.685e+08,6,1,0,
246,1,2356383509377,2356630297573,9,-0.78338,-117.814,2,8.685e+08,6,1,0,
196,1,2356500526115,2358310964681,12,-0.269656,-117.301,2,8.685e+08,6,1,0,
196,4,2356500526115,2358310972617,12,-17.7826,-134.813,2,8.685e+08,6,1,0,
51,1,2369326869440,2369398808030,7,15.261,-101.77,2,8.685e+08,6,1,0,
190,1,2364927624582,2364999563338,7,8.90398,-108.127,2,8.685e+08,6,1,0,
362,1,2358066634340,2359053776213,11,3.14315,-113.888,4,8.685e+08,6,1,0,
362,4,2358066634340,2359053780393,11,-18.3346,-135.366,4,8.685e+08,6,1,0,
404,1,2363907246928,2365717687243,12,-13.9296,-130.96,2,8.685e+08,6,1,0,
404,4,2363907246928,2365717685593,12,-8.51514,-125.546,2,8.685e+08,6,1,0,
365,1,2361531259482,2363341699710,12,-8.99223,-126.023,4,8.685e+08,6,1,0,
365,2,2361531259482,2363341697929,12,-0.521512,-117.552,4,8.685e+08,6,1,0,
365,3,2361531259482,2363341704258,12,-14.3057,-131.337,4,8.685e+08,6,1,0,
142,1,2360126831724,2360579444452,10,6.54446,-110.486,4,8.685e+08,6,1,0,
142,2,2360126831724,2360579452972,10,-15.7108,-132.742,4,8.685e+08,6,1,0,
142,3,2360126831724,2360579449683,10,-7.70164,-124.733,4,8.685e+08,6,1,0,
142,4,2360126831724,2360579452427,10,-10.243,-127.274,4,8.685e+08,6,1,0,
262,1,2363383769641,2363836382906,10,-2.44905,-119.48,4,8.685e+08,6,1,0,
349,1,2367736520583,2369546959540,12,-1.71793,-118.749,4,8.685e+08,6,1,0,
349,3,2367736520583,2369546967866,12,-18.6896,-135.72,4,8.685e+08,6,1,0,
349,4,2367736520583,2369546961172,12,-13.6906,-130.721,4,8.685e+08,6,1,0,
75,1,2364212124840,2364284063395,7,10.1564,-106.874,4,8.685e+08,6,1,0,
33,2,2369037044672,2370847485167,12,-7.76967,-124.801,2,8.685e+08,6,1,0,
33,3,2369037044672,2370847488120,12,-16.1621,-133.193,2,8.685e+08,6,1,0,
157,1,2366877691967,2366949630187,7,16.0834,-100.947,4,8.685e+08,6,1,0,
115,1,2370920655968,2370992593300,7,15.5167,-101.514,2,8.685e+08,6,1,0,
265,1,2373123602283,2373257238285,8,12.5425,-104.488,4,8.685e+08,6,1,0,
265,4,2373123602283,2373257245142,8,-9.79569,-126.827,4,8.685e+08,6,1,0,
132,1,2372602857999,2373589999476,11,4.23041,-112.8,2,8.685e+08,6,1,0,
132,2,2372602857999,2373590009553,11,-18.3612,-135.392,2,8.685e+08,6,1,0,
132,3,2372602857999,2373590004219,11,-6.40175,-123.433,2,8.685e+08,6,1,0,
68,1,2372959655853,2374770094730,12,-4.51873,-121.55,2,8.685e+08,6,1,0,
68,2,2372959655853,2374770096898,12,-6.26484,-123.296,2,8.685e+08,6,1,0,
68,3,2372959655853,2374770103661,12,-17.2115,-134.242,2,8.685e+08,6,1,0,
80,1,2369799137488,2371609576022,12,1.16948,-115.861,2,8.685e+08,6,1,0,
396,3,2377024228652,2378834678702,12,-21.2776,-138.308,2,8.685e+08,6,1,0,
396,4,2377024228652,2378834670600,12,-9.62764,-126.659,2,8.685e+08,6,1,0,
110,3,2370654391389,2372464832202,12,-12.186,-129.217,2,8.685e+08,6,1,0,
110,4,2370654391389,2372464831930,12,-3.24957,-120.28,2,8.685e+08,6,1,0,
366,1,2378310411472,2378763024301,10,5.54655,-111.484,4,8.685e+08,6,1,0,
219,3,2375316034841,2377126476878,12,-14.0495,-131.08,2,8.685e+08,6,1,0,
219,4,2375316034841,2377126475181,12,-6.7164,-123.747,2,8.685e+08,6,1,0,
120,2,2374579844790,2376390285042,12,-7.66963,-124.701,2,8.685e+08,6,1,0,
89,2,2383938893839,2384926039209,11,-15.4508,-132.482,4,8.685e+08,6,1,0,
89,3,2383938893839,2384926043823,11,-9.61485,-126.646,4,8.685e+08,6,1,0,
85,1,2376216568037,2376350203730,8,12.3134,-104.718,2,8.685e+08,6,1,0,
85,2,2376216568037,2376350211154,8,-10.1514,-127.182,2,8.685e+08,6,1,0,
163,1,2376601478041,2376673414988,7,30.0695,-86.9614,2,8.685e+08,6,1,0,
258,1,2383134973061,2384122114696,11,6.12161,-110.909,2,8.685e+08,6,1,0,
258,2,2383134973061,2384122118110,11,-15.5125,-132.543,2,8.685e+08,6,1,0,
326,1,2378297108804,2380107548075,12,-0.902154,-117.933,4,8.685e+08,6,1,0,
326,2,2378297108804,2380107555695,12,-16.827,-133.858,4,8.685e+08,6,1,0,
55,1,2384794778227,2385041566724,9,2.79739,-114.234,2,8.685e+08,6,1,0,
40,1,2382801309345,2383788451042,11,6.83336,-110.198,4,8.685e+08,6,1,0,
302,1,2385210406232,2387020844555,12,-1.39197,-118.423,4,8.685e+08,6,1,0,
302,3,2385210406232,2387020848753,12,-20.2374,-137.268,4,8.685e+08,6,1,0,
302,4,2385210406232,2387020847306,12,-6.72593,-123.757,4,8.685e+08,6,1,0,
91,1,2385154912917,2385288548944,8,10.5227,-106.508,2,8.685e+08,6,1,0,
150,2,2386409852946,2388220293137,12,-8.00295,-125.034,2,8.685e+08,6,1,0,
150,3,2386409852946,2388220300075,12,-22.1028,-139.134,2,8.685e+08,6,1,0,
108,1,2384191988518,2385179130512,11,0.157149,-116.874,4,8.685e+08,6,1,0,
382,1,2385953397527,2386940539558,11,-0.439226,-117.47,4,8.685e+08,6,1,0,
382,2,2385953397527,2386940543008,11,-5.34168,-122.373,4,8.685e+08,6,1,0,
284,1,2399182818548,2400169960364,11,-0.931877,-117.963,4,8.685e+08,6,1,0,
323,1,2394669898397,2396480338540,12,-12.6897,-129.721,2,8.685e+08,6,1,0,
323,3,2394669898397,2396480337170,12,-6.27314,-123.304,2,8.685e+08,6,1,0,
143,1,2390384511054,2392194949421,12,-6.98227,-124.013,4,8.685e+08,6,1,0,
143,3,2390384511054,2392194960308,12,-17.1052,-134.136,4,8.685e+08,6,1,0,
143,4,2390384511054,2392194953966,12,-12.2325,-129.263,4,8.685e+08,6,1,0,
257,1,2399017425989,2400827866130,12,-8.46632,-125.497,2,8.685e+08,6,1,0,
257,3,2399017425989,2400827873662,12,-19.8739,-136.905,2,8.685e+08,6,1,0,
257,4,2399017425989,2400827865675,12,-20.3373,-137.368,2,8.685e+08,6,1,0,
309,1,2397424060987,2397670849541,9,5.45699,-111.574,2,8.685e+08,6,1,0,
340,1,2398300970710,2398372909241,7,21.5692,-95.4617,4,8.685e+08,6,1,0,
112,1,2411850580784,2412837722758,11,1.06132,-115.97,2,8.685e+08,6,1,0,
112,2,2411850580784,2412837736299,11,-18.4104,-135.441,2,8.685e+08,6,1,0,
112,4,2411850580784,2412837725952,11,-10.1778,-127.209,2,8.685e+08,6,1,0,
32,1,2402562957288,2404373395332,12,-12.2769,-129.308,2,8.685e+08,6,1,0,
32,2,2402562957288,2404373400843,12,-14.8024,-131.833,2,8.685e+08,6,1,0,
32,3,2402562957288,2404373398135,12,-8.86027,-125.891,2,8.685e+08,6,1,0,
138,1,2408949881313,2409402494331,10,-0.706064,-117.737,4,8.685e+08,6,1,0,
138,2,2408949881313,2409402502311,10,-10.425,-127.456,4,8.685e+08,6,1,0,
138,3,2408949881313,2409402498971,10,-10.9156,-127.947,4,8.685e+08,6,1,0,
138,4,2408949881313,2409402502152,10,-14.7747,-131.806,4,8.685e+08,6,1,0,
205,1,2408939565704,2410750004004,12,-6.62645,-123.657,2,8.685e+08,6,1,0,
322,1,2400035122691,2400281910990,9,3.78296,-113.248,4,8.685e+08,6,1,0,
322,4,2400035122691,2400281917669,9,-11.3196,-128.35,4,8.685e+08,6,1,0,
74,1,2406105425085,2407092566661,11,0.275993,-116.755,2,8.685e+08,6,1,0,
74,2,2406105425085,2407092578971,11,-18.4399,-135.471,2,8.685e+08,6,1,0,
381,1,2414425151283,2414671939507,9,4.81475,-112.216,2,8.685e+08,6,1,0,
173,2,2411644930696,2413455371163,12,-3.99228,-121.023,2,8.685e+08,6,1,0,
105,1,2411022450051,2412009591883,11,1.10191,-115.929,4,8.685e+08,6,1,0,
105,4,2411022450051,2412009597891,11,-9.16346,-126.194,4,8.685e+08,6,1,0,
83,1,2410590001578,2412400441368,12,-5.33145,-122.362,2,8.685e+08,6,1,0,
210,1,2414658261242,2414730200088,7,14.5646,-102.466,4,8.685e+08,6,1,0,
187,1,2412405678299,2412539314016,8,15.0011,-102.03,2,8.685e+08,6,1,0,
67,1,2419995890884,2420067828661,7,19.1183,-97.9126,2,8.685e+08,6,1,0,
7,1,2413142968056,2414953408288,12,-11.0241,-128.055,4,8.685e+08,6,1,0,
7,3,2413142968056,2414953411564,12,-10.7519,-127.783,4,8.685e+08,6,1,0,
7,4,2413142968056,2414953406705,12,-6.37487,-123.406,4,8.685e+08,6,1,0,
311,1,2413134997620,2413268633294,8,-0.642209,-117.673,2,8.685e+08,6,1,0,
162,1,2427220342509,2429030780610,12,0.897582,-116.133,4,8.685e+08,6,1,0,
162,2,2427220342509,2429030793658,12,-20.8827,-137.914,4,8.685e+08,6,1,0,
162,3,2427220342509,2429030788297,12,-15.3139,-132.345,4,8.685e+08,6,1,0,
162,4,2427220342509,2429030783227,12,-6.03662,-123.068,4,8.685e+08,6,1,0,
44,1,2415573808271,2415645746696,7,14.2543,-102.777,2,8.685e+08,6,1,0,
288,1,2418943149024,2420753587969,12,-6.78355,-123.814,4,8.685e+08,6,1,0,
288,2,2418943149024,2420753589263,12,-9.76621,-126.797,4,8.685e+08,6,1,0,
288,3,2418943149024,2420753595690,12,-21.0557,-138.087,4,8.685e+08,6,1,0,
371,1,2414997334806,2415449947662,10,-2.65622,-119.687,2,8.685e+08,6,1,0,
371,2,2414997334806,2415449952639,10,-8.94954,-125.98,2,8.685e+08,6,1,0,
218,1,2423149094864,2423221033761,7,-2.34191,-119.373,2,8.685e+08,6,1,0,
225,1,2430762061383,2432572501723,12,-2.38946,-119.42,2,8.685e+08,6,1,0,
354,1,2421833044556,2423643484577,12,-2.40946,-119.44,2,8.685e+08,6,1,0,
354,3,2421833044556,2423643487613,12,-14.3576,-131.389,2,8.685e+08,6,1,0,
354,4,2421833044556,2423643483585,12,-13.2676,-130.298,2,8.685e+08,6,1,0,
259,1,2424319427372,2424566215502,9,7.81078,-109.22,4,8.685e+08,6,1,0,
259,3,2424319427372,2424566223763,9,-14.1723,-131.203,4,8.685e+08,6,1,0,
66,3,2437981585455,2439792024671,12,-8.55997,-125.591,2,8.685e+08,6,1,0,
290,1,2423845410692,2424832552111,11,0.0382177,-116.993,4,8.685e+08,6,1,0,
145,1,2425230684124,2425302622987,7,14.7107,-102.32,4,8.685e+08,6,1,0,
69,1,2432621878634,2434432317444,12,-3.76156,-120.792,2,8.685e+08,6,1,0,
69,2,2432621878634,2434432320587,12,-20.5035,-137.534,2,8.685e+08,6,1,0,
69,3,2432621878634,2434432327396,12,-18.6262,-135.657,2,8.685e+08,6,1,0,
243,1,2429723563227,2431534003020,12,-1.04452,-118.075,4,8.685e+08,6,1,0,
243,2,2429723563227,2431534014604,12,-22.3423,-139.373,4,8.685e+08,6,1,0,
243,3,2429723563227,2431534007366,12,-20.6944,-137.725,4,8.685e+08,6,1,0,
243,4,2429723563227,2431534002154,12,-3.34774,-120.379,4,8.685e+08,6,1,0,
199,1,2429281915950,2429353855011,7,13.1798,-103.851,4,8.685e+08,6,1,0,
126,1,2433433653674,2433886266613,10,2.54293,-114.488,2,8.685e+08,6,1,0,
168,1,2434047665075,2435858104430,12,-3.69351,-120.724,4,8.685e+08,6,1,0,
168,2,2434047665075,2435858117979,12,-19.926,-136.957,4,8.685e+08,6,1,0,
168,4,2434047665075,2435858105308,12,-7.38106,-124.412,4,8.685e+08,6,1,0,
370,1,2432618768277,2432690705301,7,34.4015,-82.6294,4,8.685e+08,6,1,0,
220,2,2432514625472,2432761421345,9,-11.6173,-128.648,2,8.685e+08,6,1,0,
42,3,2436692897452,2438503339403,12,-8.87892,-125.91,4,8.685e+08,6,1,0,
42,4,2436692897452,2438503337550,12,-7.58383,-124.615,4,8.685e+08,6,1,0,
147,1,2438199045142,2438270983753,7,16.0089,-101.022,4,8.685e+08,6,1,0,
147,2,2438199045142,2438270993946,7,-9.36412,-126.395,4,8.685e+08,6,1,0,
140,1,2440406227839,2440653016354,9,4.48873,-112.542,4,8.685e+08,6,1,0,
140,4,2440406227839,2440653023052,9,-14.3314,-131.362,4,8.685e+08,6,1,0,
102,1,2442318749829,2443305891764,11,-8.06218,-125.093,2,8.685e+08,6,1,0,
102,2,2442318749829,2443305899083,11,-19.4597,-136.491,2,8.685e+08,6,1,0,
102,3,2442318749829,2443305894600,11,-13.1496,-130.181,2,8.685e+08,6,1,0,
169,1,2440063948616,2441874387366,12,-7.97697,-125.008,2,8.685e+08,6,1,0,
169,3,2440063948616,2441874397741,12,-19.2707,-136.302,2,8.685e+08,6,1,0,
169,4,2440063948616,2441874391000,12,-14.4668,-131.498,2,8.685e+08,6,1,0,
207,1,2440213148343,2440285087880,7,8.30788,-108.723,2,8.685e+08,6,1,0,
376,1,2446776765410,2446848702820,7,26.6639,-90.367,4,8.685e+08,6,1,0,
245,4,2442108476869,2443918922573,12,-14.4701,-131.501,4,8.685e+08,6,1,0,
374,1,2442589195217,2444399634363,12,-0.845825,-117.877,4,8.685e+08,6,1,0,
374,2,2442589195217,2444399636470,12,-12.9614,-129.992,4,8.685e+08,6,1,0,
180,1,2452559179173,2452805967409,9,5.24009,-111.791,2,8.685e+08,6,1,0,
36,1,2447571303988,2448558445913,11,-8.82951,-125.86,4,8.685e+08,6,1,0,
9,1,2443485883634,2443557820969,7,29.2878,-87.7431,4,8.685e+08,6,1,0,
136,1,2445011561746,2445464175044,10,-3.28495,-120.316,2,8.685e+08,6,1,0,
136,2,2445011561746,2445464181389,10,-16.6015,-133.632,2,8.685e+08,6,1,0,
238,2,2446257372206,2448067812363,12,-7.7707,-124.802,4,8.685e+08,6,1,0,
238,3,2446257372206,2448067813678,12,-13.0586,-130.09,4,8.685e+08,6,1,0,
34,1,2447896932811,2449707372620,12,-4.44056,-121.471,4,8.685e+08,6,1,0,
34,3,2447896932811,2449707380084,12,-21.4222,-138.453,4,8.685e+08,6,1,0,
34,4,2447896932811,2449707372547,12,-6.2987,-123.33,4,8.685e+08,6,1,0,
63,1,2449356017119,2451166456357,12,-6.19019,-123.221,4,8.685e+08,6,1,0,
57,1,2452926437475,2453379050403,10,-1.22501,-118.256,2,8.685e+08,6,1,0,
57,2,2452926437475,2453379057353,10,-12.3162,-129.347,2,8.685e+08,6,1,0,
57,3,2452926437475,2453379055409,10,-16.9448,-133.976,2,8.685e+08,6,1,0,
57,4,2452926437475,2453379059518,10,-11.9419,-128.973,2,8.685e+08,6,1,0,
29,1,2451067256243,2451314044712,9,-3.13909,-120.17,4,8.685e+08,6,1,0,
209,1,2449056836554,2449509449413,10,-1.81391,-118.845,2,8.685e+08,6,1,0,
117,1,2456973904402,2457045843213,7,11.7878,-105.243,2,8.685e+08,6,1,0,
192,1,2449930573810,2450917715651,11,-2.90632,-119.937,2,8.685e+08,6,1,0,
264,1,2458317023816,2458563812299,9,8.26182,-108.769,4,8.685e+08,6,1,0,
159,1,2455474375733,2455546313098,7,17.2497,-99.7812,4,8.685e+08,6,1,0,
170,3,2456658212912,2458468664846,12,-19.6056,-136.636,2,8.685e+08,6,1,0,
170,4,2456658212912,2458468667353,12,-21.8573,-138.888,2,8.685e+08,6,1,0,
346,1,2457689287551,2459499726175,12,-9.03147,-126.062,4,8.685e+08,6,1,0,
189,1,2454011239529,2454998381284,11,-2.87001,-119.901,2,8.685e+08,6,1,0,
16,2,2459196257338,2461006695786,12,2.21724,-114.814,4,8.685e+08,6,1,0,
16,4,2459196257338,2461006709512,12,-19.4591,-136.49,4,8.685e+08,6,1,0,
10,1,2465413654848,2466400796611,11,-4.25076,-121.282,4,8.685e+08,6,1,0,
10,2,2465413654848,2466400804917,11,-18.5328,-135.564,4,8.685e+08,6,1,0,
10,3,2465413654848,2466400799985,11,-7.49306,-124.524,4,8.685e+08,6,1,0,
82,3,2461726045506,2463536487248,12,-13.5558,-130.587,4,8.685e+08,6,1,0,
82,4,2461726045506,2463536485522,12,-20.4581,-137.489,4,8.685e+08,6,1,0,
306,1,2459044831293,2459178467204,8,6.58499,-110.446,2,8.685e+08,6,1,0,
103,1,2466381774686,2467368916638,11,-0.767545,-117.798,4,8.685e+08,6,1,0,
103,4,2466381774686,2467368921068,11,-5.72244,-122.753,4,8.685e+08,6,1,0,
171,1,2469938928165,2470010867747,7,11.6518,-105.379,4,8.685e+08,6,1,0,
153,1,2460649845799,2462460284653,12,-4.53576,-121.567,4,8.685e+08,6,1,0,
153,4,2460649845799,2462460295544,12,-21.1925,-138.223,4,8.685e+08,6,1,0,
94,1,2460464073647,2460536012976,7,1.84745,-115.183,2,8.685e+08,6,1,0,
227,1,2462853170138,2463305783446,10,-0.962692,-117.994,4,8.685e+08,6,1,0,
227,2,2462853170138,2463305787729,10,-10.9795,-128.01,4,8.685e+08,6,1,0,
227,3,2462853170138,2463305789819,10,-11.6475,-128.678,4,8.685e+08,6,1,0,
131,1,2465774238473,2467584677339,12,-0.10468,-117.136,4,8.685e+08,6,1,0,
131,2,2465774238473,2467584679908,12,-4.20922,-121.24,4,8.685e+08,6,1,0,
131,3,2465774238473,2467584679798,12,-8.45839,-125.489,4,8.685e+08,6,1,0,
186,1,2470481978455,2470553917433,7,14.3371,-102.694,2,8.685e+08,6,1,0,
119,1,2468748895754,2470559335158,12,-17.647,-134.678,2,8.685e+08,6,1,0,
119,2,2468748895754,2470559340376,12,-22.137,-139.168,2,8.685e+08,6,1,0,
119,3,2468748895754,2470559347160,12,-19.2563,-136.287,2,8.685e+08,6,1,0,
160,1,2480625775850,2480872564038,9,8.87311,-108.158,2,8.685e+08,6,1,0,
160,2,2480625775850,2480872570364,9,-7.67219,-124.703,2,8.685e+08,6,1,0,
266,1,2478139554889,2479949994884,12,-7.742,-124.773,4,8.685e+08,6,1,0,
11,1,2472091167987,2472163105299,7,27.8527,-89.1782,2,8.685e+08,6,1,0,
214,1,2480011906019,2480145541762,8,-3.21826,-120.249,4,8.685e+08,6,1,0,
359,1,2471490162283,2471942775320,10,5.19586,-111.835,4,8.685e+08,6,1,0,
359,2,2471490162283,2471942781238,10,-11.4497,-128.481,4,8.685e+08,6,1,0,
359,3,2471490162283,2471942780600,10,-9.29726,-126.328,4,8.685e+08,6,1,0,
359,4,2471490162283,2471942785354,10,-16.5178,-133.549,4,8.685e+08,6,1,0,
327,1,2472781881685,2473028670076,9,-10.024,-127.055,2,8.685e+08,6,1,0,
380,1,2473576019859,2473709655953,8,12.9895,-104.041,4,8.685e+08,6,1,0,
380,3,2473576019859,2473709664296,8,-10.92,-127.951,4,8.685e+08,6,1,0,
380,4,2473576019859,2473709662527,8,-9.85934,-126.89,4,8.685e+08,6,1,0,
282,1,2475842894114,2477653332696,12,-6.06463,-123.096,4,8.685e+08,6,1,0,
282,3,2475842894114,2477653341848,12,-21.6782,-138.709,4,8.685e+08,6,1,0,
282,4,2475842894114,2477653335392,12,-5.14788,-122.179,4,8.685e+08,6,1,0,
31,1,2477203007587,2477655620585,10,-3.51608,-120.547,2,8.685e+08,6,1,0,
233,2,2479784708823,2481595149535,12,-8.24579,-125.277,2,8.685e+08,6,1,0,
233,3,2479784708823,2481595155919,12,-9.84847,-126.879,2,8.685e+08,6,1,0,
47,1,2480804765450,2480876703336,7,19.8844,-97.1465,4,8.685e+08,6,1,0,
239,3,2482373946228,2484184390201,12,-9.02858,-126.059,2,8.685e+08,6,1,0,
239,4,2482373946228,2484184385274,12,-7.29909,-124.33,2,8.685e+08,6,1,0,
64,1,2492059616937,2493870056365,12,-4.81922,-121.85,4,8.685e+08,6,1,0,
64,3,2492059616937,2493870070891,12,-19.8606,-136.891,4,8.685e+08,6,1,0,
383,1,2482829979618,2483817121569,11,-2.58408,-119.615,4,8.685e+08,6,1,0,
383,2,2482829979618,2483817125035,11,-19.2862,-136.317,4,8.685e+08,6,1,0,
383,3,2482829979618,2483817126265,11,-11.7788,-128.81,4,8.685e+08,6,1,0,
383,4,2482829979618,2483817132215,11,-14.529,-131.56,4,8.685e+08,6,1,0,
128,2,2483254991248,2485065445027,12,-21.3368,-138.368,2,8.685e+08,6,1,0,
351,1,2484646191775,2486456631361,12,-3.10349,-120.134,2,8.685e+08,6,1,0,
272,1,2494754029212,2494825965756,7,36.7021,-80.3288,2,8.685e+08,6,1,0,
387,1,2491292966043,2491539754444,9,7.86777,-109.163,2,8.685e+08,6,1,0,
130,4,2489401117767,2491211559499,12,-14.2662,-131.297,4,8.685e+08,6,1,0,
293,1,2487661917786,2489472358000,12,-0.382957,-117.414,4,8.685e+08,6,1,0,
111,2,2487753431996,2489563884204,12,-19.086,-136.117,4,8.685e+08,6,1,0,
111,3,2487753431996,2489563884420,12,-19.442,-136.473,4,8.685e+08,6,1,0,
111,4,2487753431996,2489563880216,12,-19.8979,-136.929,4,8.685e+08,6,1,0,
228,4,2492732625038,2494543070548,12,-14.5653,-131.596,4,8.685e+08,6,1,0,
86,1,2493222888529,2493294827721,7,14.6556,-102.375,4,8.685e+08,6,1,0,
86,3,2493222888529,2493294837104,7,-8.1063,-125.137,4,8.685e+08,6,1,0,
109,2,2490175108611,2491985547985,12,-7.36945,-124.4,4,8.685e+08,6,1,0,
109,3,2490175108611,2491985552252,12,-10.7483,-127.779,4,8.685e+08,6,1,0,
37,1,2490547174270,2490999787332,10,-5.57634,-122.607,4,8.685e+08,6,1,0,
37,4,2490547174270,2490999793971,10,-11.3154,-128.346,4,8.685e+08,6,1,0,
61,1,2494897768297,2494969707177,7,16.7137,-100.317,2,8.685e+08,6,1,0,
61,3,2494897768297,2494969716181,7,-7.8173,-124.848,2,8.685e+08,6,1,0,
400,1,2494144006926,2494215946100,7,13.3672,-103.664,4,8.685e+08,6,1,0,
191,4,2494301110789,2496111557594,12,-18.2365,-135.267,2,8.685e+08,6,1,0,
60,1,2504843128987,2505295741931,10,0.0133514,-117.018,2,8.685e+08,6,1,0,
237,1,2506069545900,2507879985049,12,-11.4217,-128.453,2,8.685e+08,6,1,0,
125,4,2508954341044,2510764784603,12,-11.863,-128.894,4,8.685e+08,6,1,0,
204,1,2509056698671,2510867137828,12,-1.85818,-118.889,2,8.685e+08,6,1,0,
203,1,2498112895518,2498565508277,10,3.19982,-113.831,4,8.685e+08,6,1,0,
203,2,2498112895518,2498565514211,10,-11.4825,-128.513,4,8.685e+08,6,1,0,
203,3,2498112895518,2498565518763,10,-15.7647,-132.796,4,8.685e+08,6,1,0,
242,1,2500830190725,2501076979182,9,2.40761,-114.623,2,8.685e+08,6,1,0,
242,3,2500830190725,2501076985106,9,-14.039,-131.07,2,8.685e+08,6,1,0,
73,1,2500555545165,2501008158096,10,5.94993,-111.081,4,8.685e+08,6,1,0,
73,2,2500555545165,2501008165788,10,-16.7162,-133.747,4,8.685e+08,6,1,0,
165,1,2502754892207,2503001680802,9,4.64271,-112.388,4,8.685e+08,6,1,0,
177,1,2509616281679,2509688219929,7,12.4675,-104.563,2,8.685e+08,6,1,0,
92,1,2510035181057,2510487794183,10,-3.50022,-120.531,2,8.685e+08,6,1,0,
92,3,2510035181057,2510487798606,10,-12.3266,-129.358,2,8.685e+08,6,1,0,
390,1,2511323003628,2511775616710,10,5.39264,-111.638,2,8.685e+08,6,1,0,
6,3,2510280407643,2512090847803,12,-15.1739,-132.205,2,8.685e+08,6,1,0,
106,1,2510487610395,2510621246206,8,6.13265,-110.898,4,8.685e+08,6,1,0,
295,1,2513317311287,2513389250004,7,1.8627,-115.168,2,8.685e+08,6,1,0,
256,1,2511595228326,2511667166599,7,3.6091,-113.422,2,8.685e+08,6,1,0,
350,1,2512953846551,2513025786091,7,12.2476,-104.783,2,8.685e+08,6,1,0,
339,2,2510535553459,2512346001363,12,-22.3297,-139.361,2,8.685e+08,6,1,0,
231,1,2516710347514,2517162960631,10,2.50114,-114.53,2,8.685e+08,6,1,0,
53,1,2513944940935,2514191729512,9,-3.48111,-120.512,2,8.685e+08,6,1,0,
53,2,2513944940935,2514191736685,9,-10.2345,-127.265,2,8.685e+08,6,1,0,
41,1,2515108824070,2515180762795,7,10.0522,-106.979,2,8.685e+08,6,1,0,
101,1,2518634541136,2519621682641,11,8.01406,-109.017,2,8.685e+08,6,1,0,
101,3,2518634541136,2519621687571,11,-19.0277,-136.059,2,8.685e+08,6,1,0,
101,4,2518634541136,2519621693003,11,-19.2401,-136.271,2,8.685e+08,6,1,0,
271,1,2516112256029,2517922694542,12,0.773791,-116.257,2,8.685e+08,6,1,0,
271,4,2516112256029,2517922700305,12,-17.6514,-134.682,2,8.685e+08,6,1,0,
217,1,2515049489413,2516036631173,11,0.981768,-116.049,2,8.685e+08,6,1,0,
217,2,2515049489413,2516036641177,11,-17.3427,-134.374,2,8.685e+08,6,1,0,
247,1,2519552976151,2521363415746,12,-2.4867,-119.518,4,8.685e+08,6,1,0,
247,2,2519552976151,2521363422308,12,-18.4603,-135.491,4,8.685e+08,6,1,0,
26,1,2518233729823,2518305668715,7,5.55899,-111.472,2,8.685e+08,6,1,0,
319,1,2525956363491,2527766802779,12,-6.57732,-123.608,2,8.683e+08,7,1,0,
319,2,2525956363491,2527766817325,12,-19.1415,-136.172,2,8.683e+08,7,1,0,
319,4,2525956363491,2527766806542,12,-8.71815,-125.749,2,8.683e+08,7,1,0,
372,4,2524669418673,2525656569280,11,-16.7898,-133.821,4,8.683e+08,7,1,0,
78,1,2521251736633,2521385372404,8,7.51414,-109.517,2,8.683e+08,7,1,0,
273,1,2525164001694,2525235938685,7,35.4067,-81.6242,2,8.683e+08,7,1,0,
30,1,2522435540954,2524245981141,12,-8.68845,-125.719,4,8.683e+08,7,1,0,
30,2,2522435540954,2524245984484,12,-11.9863,-129.017,4,8.683e+08,7,1,0,
30,3,2522435540954,2524245992205,12,-21.6561,-138.687,4,8.683e+08,7,1,0,
361,1,2524645828643,2524717765766,7,30.3407,-86.6902,2,8.683e+08,7,1,0,
178,1,2522988474011,2523122109720,8,8.56576,-108.465,2,8.683e+08,7,1,0,
121,3,2524589558159,2526399999190,12,-10.2312,-127.262,4,8.683e+08,7,1,0,
121,4,2524589558159,2526399998783,12,-7.5695,-124.6,4,8.683e+08,7,1,0,
229,1,2535298999851,2535370938701,7,18.7207,-98.3102,4,8.683e+08,7,1,0,
216,1,2535481935483,2535934548467,10,-4.14095,-121.172,2,8.683e+08,7,1,0,
398,4,2529891455159,2531701902542,12,-17.4465,-134.477,2,8.683e+08,7,1,0,
56,1,2531537193227,2531609130149,7,40.1027,-76.9282,2,8.683e+08,7,1,0,
347,2,2529789850813,2531600303947,12,-21.57,-138.601,4,8.683e+08,7,1,0,
347,3,2529789850813,2531600300930,12,-22.0348,-139.066,4,8.683e+08,7,1,0,
59,1,2534951425528,2535404038530,10,3.46503,-113.566,2,8.683e+08,7,1,0,
59,3,2534951425528,2535404043764,10,-7.89742,-124.928,2,8.683e+08,7,1,0,
213,1,2532950197769,2534760638127,12,-2.97845,-120.009,4,8.683e+08,7,1,0,
213,4,2532950197769,2534760647658,12,-21.0862,-138.117,4,8.683e+08,7,1,0,
303,1,2536401930286,2536473868154,7,18.5918,-98.4391,2,8.683e+08,7,1,0,
79,1,2536642414225,2536714352836,7,19.8305,-97.2004,2,8.683e+08,7,1,0,
368,1,2538279983542,2538351920139,7,41.8654,-75.1655,4,8.683e+08,7,1,0,
76,1,2538552874014,2540363314398,12,-5.70738,-122.738,4,8.683e+08,7,1,0,
76,2,2538552874014,2540363316241,12,-9.73762,-126.769,4,8.683e+08,7,1,0,
280,1,2539385699032,2539457636677,7,24.1728,-92.8581,4,8.683e+08,7,1,0,
215,2,2542803900080,2544614340182,12,-3.76595,-120.797,4,8.683e+08,7,1,0,
215,3,2542803900080,2544614344392,12,-15.811,-132.842,4,8.683e+08,7,1,0,
215,4,2542803900080,2544614350649,12,-20.6032,-137.634,4,8.683e+08,7,1,0,
18,1,2542158425862,2542405214472,9,-8.90993,-125.941,2,8.683e+08,7,1,0,
308,1,2540690664021,2540762601815,7,20.4803,-96.5506,4,8.683e+08,7,1,0,
313,1,2543464891967,2545275330393,12,-8.20031,-125.231,4,8.683e+08,7,1,0,
313,4,2543464891967,2545275337682,12,-19.84,-136.871,4,8.683e+08,7,1,0,
206,1,2547544152543,2549354590802,12,1.44837,-115.583,2,8.683e+08,7,1,0,
206,4,2547544152543,2549354600097,12,-14.7735,-131.804,2,8.683e+08,7,1,0,
379,1,2549817693513,2549951329444,8,11.7183,-105.313,2,8.683e+08,7,1,0,
52,4,2548559321011,2550369765256,12,-13.6202,-130.651,4,8.683e+08,7,1,0,
356,1,2545264668720,2545717281780,10,3.27131,-113.76,2,8.683e+08,7,1,0,
377,1,2546870808245,2547117596505,9,7.79141,-109.239,4,8.683e+08,7,1,0,
19,1,2544994361130,2545241149552,9,6.60074,-110.43,4,8.683e+08,7,1,0,
19,4,2544994361130,2545241155668,9,-8.467,-125.498,4,8.683e+08,7,1,0,
276,1,2545959244547,2547769683396,12,-1.83258,-118.863,4,8.683e+08,7,1,0,
276,2,2545959244547,2547769685695,12,-17.2663,-134.297,4,8.683e+08,7,1,0,
43,1,2552880000695,2554690440408,12,-4.52322,-121.554,4,8.683e+08,7,1,0,
43,2,2552880000695,2554690439658,12,-4.89349,-121.924,4,8.683e+08,7,1,0,
43,3,2552880000695,2554690445460,12,-15.6156,-132.647,4,8.683e+08,7,1,0,
104,1,2550877288418,2552687727934,12,-0.117276,-117.148,4,8.683e+08,7,1,0,
104,2,2550877288418,2552687733794,12,-20.7263,-137.757,4,8.683e+08,7,1,0,
90,1,2548145334268,2549132475882,11,0.754837,-116.276,2,8.683e+08,7,1,0,
90,3,2548145334268,2549132480155,11,-8.8301,-125.861,2,8.683e+08,7,1,0,
90,4,2548145334268,2549132480833,11,-12.0062,-129.037,2,8.683e+08,7,1,0,
38,1,2557724687906,2559535125971,12,-2.11886,-119.15,4,8.683e+08,7,1,0,
14,1,2560910166155,2561897307961,11,-4.4523,-121.483,4,8.683e+08,7,1,0,
152,1,2551230959486,2552218101183,11,1.97907,-115.052,2,8.683e+08,7,1,0,
328,1,2550386488400,2551373630320,11,-4.15959,-121.19,2,8.683e+08,7,1,0,
328,2,2550386488400,2551373638779,11,-18.6766,-135.708,2,8.683e+08,7,1,0,
328,3,2550386488400,2551373633507,11,-6.53066,-123.562,2,8.683e+08,7,1,0,
328,4,2550386488400,2551373635650,11,-18.3518,-135.383,2,8.683e+08,7,1,0,
355,1,2556407459605,2556479397005,7,22.6621,-94.3688,4,8.683e+08,7,1,0,
226,1,2560564648331,2561017261166,10,1.05142,-115.979,4,8.683e+08,7,1,0,
226,3,2560564648331,2561017266432,10,-3.16441,-120.195,4,8.683e+08,7,1,0,
329,1,2551974890058,2552108525808,8,5.04518,-111.986,2,8.683e+08,7,1,0,
393,1,2562390387025,2564200827174,12,-9.9455,-126.976,4,8.683e+08,7,1,0,
393,2,2562390387025,2564200827325,12,-5.62602,-122.657,4,8.683e+08,7,1,0,
393,3,2562390387025,2564200828019,12,-6.56139,-123.592,4,8.683e+08,7,1,0,
71,2,2556304562937,2558115010772,12,-19.6867,-136.718,4,8.683e+08,7,1,0,
71,3,2556304562937,2558115002589,12,-1.59585,-118.627,4,8.683e+08,7,1,0,
71,4,2556304562937,2558115004530,12,-10.2548,-127.286,4,8.683e+08,7,1,0,
155,1,2570756010096,2571002798581,9,1.88039,-115.151,2,8.683e+08,7,1,0,
155,4,2570756010096,2571002804667,9,-13.9688,-131,2,8.683e+08,7,1,0,
87,3,2560532990301,2562343433889,12,-9.30327,-126.334,4,8.683e+08,7,1,0,
87,4,2560532990301,2562343429309,12,-0.439508,-117.47,4,8.683e+08,7,1,0,
193,1,2559405729965,2561216168972,12,-7.03042,-124.061,2,8.683e+08,7,1,0,
193,2,2559405729965,2561216172139,12,-11.2095,-128.24,2,8.683e+08,7,1,0,
137,3,2573763136273,2575573578199,12,-6.84991,-123.881,2,8.683e+08,7,1,0,
137,4,2573763136273,2575573576846,12,-4.0997,-121.131,2,8.683e+08,7,1,0,
70,1,2563131060137,2563377848749,9,-1.51099,-118.542,2,8.683e+08,7,1,0,
70,3,2563131060137,2563377856082,9,-9.71321,-126.744,2,8.683e+08,7,1,0,
335,1,2570440732839,2572251171601,12,-7.70886,-124.74,4,8.683e+08,7,1,0,
335,3,2570440732839,2572251185901,12,-22.3808,-139.412,4,8.683e+08,7,1,0,
335,4,2570440732839,2572251181716,12,-18.4613,-135.492,4,8.683e+08,7,1,0,
93,1,2575387152555,2577197591795,12,-3.10442,-120.135,4,8.683e+08,7,1,0,
93,2,2575387152555,2577197595874,12,-19.5479,-136.579,4,8.683e+08,7,1,0,
93,3,2575387152555,2577197592252,12,-1.29494,-118.326,4,8.683e+08,7,1,0,
77,1,2582452458150,2584262898411,12,-4.47819,-121.509,2,8.683e+08,7,1,0,
77,2,2582452458150,2584262913037,12,-19.4674,-136.498,2,8.683e+08,7,1,0,
77,3,2582452458150,2584262910936,12,-20.4816,-137.513,2,8.683e+08,7,1,0,
198,1,2564888319517,2566698758338,12,-3.4473,-120.478,2,8.683e+08,7,1,0,
198,3,2564888319517,2566698772304,12,-21.1895,-138.22,2,8.683e+08,7,1,0,
198,4,2564888319517,2566698767507,12,-18.716,-135.747,2,8.683e+08,7,1,0,
338,1,2567585391201,2569395830902,12,-12.9119,-129.943,2,8.683e+08,7,1,0,
338,2,2567585391201,2569395839297,12,-17.2632,-134.294,2,8.683e+08,7,1,0,
15,1,2599684044005,2601494482247,12,-3.49243,-120.523,2,8.683e+08,7,1,0,
325,1,2572252000931,2573239142768,11,-1.35349,-118.384,4,8.683e+08,7,1,0,
72,3,2574241684797,2574488479085,9,-12.362,-129.393,4,8.683e+08,7,1,0,
324,1,2580630364663,2582440803936,12,-0.590557,-117.621,4,8.683e+08,7,1,0,
324,4,2580630364663,2582440810614,12,-21.8508,-138.882,4,8.683e+08,7,1,0,
46,1,2576756038443,2578566478531,12,-1.7696,-118.8,4,8.683e+08,7,1,0,
46,4,2576756038443,2578566485187,12,-19.394,-136.425,4,8.683e+08,7,1,0,
166,1,2578350245826,2579337387520,11,1.12036,-115.911,2,8.683e+08,7,1,0,
166,2,2578350245826,2579337397706,11,-15.5814,-132.612,2,8.683e+08,7,1,0,
307,1,2577851656674,2579662095265,12,-4.73834,-121.769,2,8.683e+08,7,1,0,
307,2,2577851656674,2579662103770,12,-20.899,-137.93,2,8.683e+08,7,1,0,
307,3,2577851656674,2579662097504,12,-6.87241,-123.903,2,8.683e+08,7,1,0,
307,4,2577851656674,2579662099108,12,-19.6802,-136.711,2,8.683e+08,7,1,0,
179,4,2582510553627,2583497699672,11,-12.6486,-129.68,4,8.683e+08,7,1,0,
344,2,2580314682560,2582125126561,12,-9.35314,-126.384,4,8.683e+08,7,1,0,
156,1,2582982031428,2583969172928,11,-2.50476,-119.536,4,8.683e+08,7,1,0,
175,1,2587846397420,2589656835655,12,-5.38974,-122.421,4,8.683e+08,7,1,0,
84,1,2590326316196,2590459952174,8,7.42571,-109.605,2,8.683e+08,7,1,0,
172,1,2590716233884,2592526672810,12,-0.427708,-117.459,4,8.683e+08,7,1,0,
172,2,2590716233884,2592526677666,12,-12.9269,-129.958,4,8.683e+08,7,1,0,
107,1,2586728421552,2588538860513,12,-4.34228,-121.373,2,8.683e+08,7,1,0,
107,2,2586728421552,2588538861293,12,-2.79468,-119.826,2,8.683e+08,7,1,0,
107,3,2586728421552,2588538866711,12,-14.9791,-132.01,2,8.683e+08,7,1,0,
174,4,2585204049256,2587014491679,12,-12.3886,-129.42,2,8.683e+08,7,1,0,
234,2,2589093460555,2590903910031,12,-19.5942,-136.625,2,8.683e+08,7,1,0,
234,3,2589093460555,2590903903044,12,-16.0188,-133.05,2,8.683e+08,7,1,0,
234,4,2589093460555,2590903900881,12,-9.43115,-126.462,2,8.683e+08,7,1,0,
279,1,2589239840946,2589311778716,7,17.8398,-99.1911,2,8.683e+08,7,1,0,
118,1,2599701606859,2600154219986,10,0.325826,-116.705,2,8.683e+08,7,1,0,
392,1,2593133888024,2594944326180,12,-6.27647,-123.307,2,8.683e+08,7,1,0,
392,2,2593133888024,2594944330317,12,-10.1059,-127.137,2,8.683e+08,7,1,0,
135,1,2596190228883,2598000668574,12,-6.25157,-123.282,4,8.683e+08,7,1,0,
212,1,2594881338229,2596691776497,12,-6.71644,-123.747,4,8.683e+08,7,1,0,
212,2,2594881338229,2596691778636,12,-4.14167,-121.173,4,8.683e+08,7,1,0,
212,3,2594881338229,2596691782935,12,-15.3234,-132.354,4,8.683e+08,7,1,0,
98,1,2595078941438,2595531554670,10,-2.64177,-119.673,2,8.683e+08,7,1,0,
252,1,2601185197590,2601318833500,8,1.96458,-115.066,4,8.683e+08,7,1,0,
113,1,2601012807901,2601999949354,11,4.39323,-112.638,4,8.683e+08,7,1,0,
113,2,2601012807901,2601999954341,11,-9.30061,-126.332,4,8.683e+08,7,1,0,
113,3,2601012807901,2601999954104,11,-11.4193,-128.45,4,8.683e+08,7,1,0,
114,1,2599234727202,2599481515418,9,4.48911,-112.542,4,8.683e+08,7,1,0,
224,1,2596719001354,2596965789913,9,7.04787,-109.983,4,8.683e+08,7,1,0,
235,1,2609191136163,2609263074271,7,16.3166,-100.714,2,8.683e+08,7,1,0,
298,1,2608584602341,2610395040529,12,1.13421,-115.897,4,8.683e+08,7,1,0,
298,2,2608584602341,2610395043733,12,-6.09589,-123.127,4,8.683e+08,7,1,0,
298,3,2608584602341,2610395049698,12,-20.0852,-137.116,4,8.683e+08,7,1,0,
310,1,2606211855340,2608022295441,12,-10.2879,-127.319,4,8.683e+08,7,1,0,
267,1,2602747132632,2604557572545,12,-18.5175,-135.548,4,8.683e+08,7,1,0,
267,4,2602747132632,2604557579867,12,-22.052,-139.083,4,8.683e+08,7,1,0,
148,1,2603814216180,2603886153108,7,13.7693,-103.262,2,8.683e+08,7,1,0,
297,1,2602458189472,2602704978010,9,-0.422501,-117.453,4,8.683e+08,7,1,0,
297,2,2602458189472,2602704983689,9,-7.92591,-124.957,4,8.683e+08,7,1,0,
291,1,2609351971900,2610339113215,11,-4.59211,-121.623,4,8.683e+08,7,1,0,
291,4,2609351971900,2610339118013,11,-16.5321,-133.563,4,8.683e+08,7,1,0,
221,1,2616796485459,2617249098286,10,-2.51661,-119.548,2,8.683e+08,7,1,0,
221,4,2616796485459,2617249108284,10,-11.8747,-128.906,2,8.683e+08,7,1,0,
403,1,2611878030959,2611949968096,7,34.8974,-82.1335,2,8.683e+08,7,1,0,
181,3,2614513897649,2614966516716,10,-10.1983,-127.229,2,8.683e+08,7,1,0,
181,4,2614513897649,2614966516268,10,-10.1606,-127.192,2,8.683e+08,7,1,0,
5,1,2613249952354,2613496740524,9,-5.32992,-122.361,2,8.683e+08,7,1,0,
12,4,2611423327107,2613233777109,12,-18.3643,-135.395,4,8.683e+08,7,1,0,
164,1,2612178360264,2613165502256,11,-6.13387,-123.165,4,8.683e+08,7,1,0,
164,3,2612178360264,2613165513066,11,-12.46,-129.491,4,8.683e+08,7,1,0,
164,4,2612178360264,2613165507075,11,-15.8957,-132.927,4,8.683e+08,7,1,0,
151,1,2614322877587,2614775490880,10,-7.21892,-124.25,2,8.683e+08,7,1,0,
151,4,2614322877587,2614775497787,10,-11.1955,-128.226,2,8.683e+08,7,1,0,
300,1,2624618876018,2625606017595,11,2.25596,-114.775,4,8.683e+08,7,1,0,
300,4,2624618876018,2625606022335,11,-15.7872,-132.818,4,8.683e+08,7,1,0,
304,1,2614986418830,2616796858994,12,-16.7799,-133.811,4,8.683e+08,7,1,0,
304,3,2614986418830,2616796860072,12,-11.5034,-128.534,4,8.683e+08,7,1,0,
304,4,2614986418830,2616796858897,12,-13.9311,-130.962,4,8.683e+08,7,1,0,
28,1,2615627199097,2615760834964,8,6.20539,-110.826,4,8.683e+08,7,1,0,
287,1,2618096436980,2618168375733,7,13.2924,-103.739,4,8.683e+08,7,1,0,
296,2,2618732263710,2620542706480,12,-15.4865,-132.517,2,8.683e+08,7,1,0,
296,3,2618732263710,2620542703643,12,-10.7752,-127.806,2,8.683e+08,7,1,0,
375,2,2620845520807,2622655963863,12,-8.84502,-125.876,4,8.683e+08,7,1,0,
375,3,2620845520807,2622655960023,12,-0.400735,-117.432,4,8.683e+08,7,1,0,
333,1,2622308560787,2622761173697,10,0.120035,-116.911,4,8.683e+08,7,1,0,
62,1,2623534073964,2625344513758,12,-11.4944,-128.525,4,8.683e+08,7,1,0,
62,2,2623534073964,2625344513510,12,2.89837,-114.133,4,8.683e+08,7,1,0,
62,3,2623534073964,2625344520908,12,-17.4542,-134.485,4,8.683e+08,7,1,0,
154,1,2624526413898,2624773202311,9,5.81284,-111.218,4,8.683e+08,7,1,0,
154,2,2624526413898,2624773208408,9,-8.16516,-125.196,4,8.683e+08,7,1,0,
25,1,2626571440624,2626705076425,8,12.1386,-104.892,2,8.683e+08,7,1,0,
334,1,2622956103490,2623408716635,10,5.06208,-111.969,2,8.683e+08,7,1,0,
314,1,2631152117150,2632139259017,11,-0.617758,-117.649,4,8.683e+08,7,1,0,
314,4,2631152117150,2632139268929,11,-13.2906,-130.322,4,8.683e+08,7,1,0,
127,1,2630145455475,2630279091290,8,6.63345,-110.397,4,8.683e+08,7,1,0,
127,2,2630145455475,2630279098350,8,-7.36257,-124.393,4,8.683e+08,7,1,0,
127,3,2630145455475,2630279100387,8,-9.98984,-127.021,4,8.683e+08,7,1,0,
58,1,2628859766350,2629846908347,11,-5.62252,-122.653,4,8.683e+08,7,1,0,
58,3,2628859766350,2629846916006,11,-14.8792,-131.91,4,8.683e+08,7,1,0,
58,4,2628859766350,2629846911136,11,-17.2779,-134.309,4,8.683e+08,7,1,0,
283,1,2637472646524,2637544584728,7,17.0044,-100.026,2,8.683e+08,7,1,0,
21,1,2627170805151,2628981245588,12,-0.189695,-117.221,4,8.683e+08,7,1,0,
21,2,2627170805151,2628981252104,12,-20.6825,-137.713,4,8.683e+08,7,1,0,
146,1,2632056190024,2633866629930,12,-4.72322,-121.754,4,8.683e+08,7,1,0,
146,2,2632056190024,2633866633133,12,-8.78579,-125.817,4,8.683e+08,7,1,0,
35,1,2629822311886,2629894250696,7,14.9052,-102.126,4,8.683e+08,7,1,0,
183,1,2637129456774,2638116598674,11,-7.0169,-124.048,2,8.683e+08,7,1,0,
183,2,2637129456774,2638116601770,11,-10.1851,-127.216,2,8.683e+08,7,1,0,
183,3,2637129456774,2638116604340,11,-10.9985,-128.029,2,8.683e+08,7,1,0,
253,3,2639851572581,2641662012660,12,-8.05324,-125.084,2,8.683e+08,7,1,0,
194,4,2632216373398,2634026827719,12,-22.3572,-139.388,4,8.683e+08,7,1,0,
211,1,2633974777327,2634046715038,7,23.1757,-93.8552,2,8.683e+08,7,1,0,
320,1,2637864158702,2637936097966,7,12.585,-104.446,2,8.683e+08,7,1,0,
281,1,2638513478034,2638585416667,7,20.9732,-96.0577,2,8.683e+08,7,1,0,
182,2,2639418047368,2641228498131,12,-18.8567,-135.888,2,8.683e+08,7,1,0,
100,1,2647719407558,2647966195773,9,7.86892,-109.162,2,8.683e+08,7,1,0,
100,2,2647719407558,2647966206569,9,-13.5462,-130.577,2,8.683e+08,7,1,0,
399,1,2638211519706,2640021959834,12,-0.89075,-117.922,4,8.683e+08,7,1,0,
399,4,2638211519706,2640021959602,12,-3.00866,-120.04,4,8.683e+08,7,1,0,
352,4,2640997254496,2642807695851,12,-8.35539,-125.386,4,8.683e+08,7,1,0,
8,1,2646502827479,2646955440480,10,1.69214,-115.339,2,8.683e+08,7,1,0,
312,1,2648076447146,2649886886802,12,-13.0326,-130.063,4,8.683e+08,7,1,0,
312,2,2648076447146,2649886889817,12,-11.8321,-128.863,4,8.683e+08,7,1,0,
312,3,2648076447146,2649886897324,12,-21.5928,-138.624,4,8.683e+08,7,1,0,
343,1,2646145211048,2647955649855,12,-14.2725,-131.303,2,8.683e+08,7,1,0,
343,2,2646145211048,2647955663714,12,-22.3884,-139.419,2,8.683e+08,7,1,0,
343,3,2646145211048,2647955658777,12,-21.8993,-138.93,2,8.683e+08,7,1,0,
343,4,2646145211048,2647955652102,12,-13.018,-130.049,2,8.683e+08,7,1,0,
294,1,2643118745640,2643190684110,7,18.8536,-98.1773,4,8.683e+08,7,1,0,
261,1,2643305496380,2643377434406,7,20.9177,-96.1132,2,8.683e+08,7,1,0,
223,2,2656456345688,2658266788014,12,-10.4796,-127.511,2,8.683e+08,7,1,0,
116,1,2650904085838,2651891227822,11,0.712216,-116.319,2,8.683e+08,7,1,0,
116,2,2650904085838,2651891231569,11,-16.7712,-133.802,2,8.683e+08,7,1,0,
195,1,2650567068606,2652377507796,12,0.876256,-116.155,2,8.683e+08,7,1,0,
222,3,2652035290530,2653845731385,12,-7.03857,-124.069,4,8.683e+08,7,1,0,
222,4,2652035290530,2653845730696,12,-9.59455,-126.625,4,8.683e+08,7,1,0,
305,2,2652287381225,2654097820333,12,-10.0845,-127.115,2,8.683e+08,7,1,0,
99,1,2652025227552,2653012369195,11,-7.99077,-125.022,2,8.683e+08,7,1,0,
99,2,2652025227552,2653012373713,11,-11.4893,-128.52,2,8.683e+08,7,1,0,
99,3,2652025227552,2653012373764,11,-7.59082,-124.622,2,8.683e+08,7,1,0,
27,1,2655745708708,2656198321551,10,4.09389,-112.937,4,8.683e+08,7,1,0,
24,4,2660552484317,2662362924011,12,-9.26989,-126.301,2,8.683e+08,7,1,0,
286,3,2657377946967,2659188388835,12,-6.30154,-123.332,4,8.683e+08,7,1,0,
286,4,2657377946967,2659188387425,12,-11.703,-128.734,4,8.683e+08,7,1,0,
360,1,2658521922578,2660332361574,12,-5.41849,-122.449,2,8.683e+08,7,1,0,
201,3,2660123732599,2661934173909,12,-11.0055,-128.036,2,8.683e+08,7,1,0,
122,1,2660307584876,2660379524301,7,13.4514,-103.579,2,8.683e+08,7,1,0,
167,1,2660901956220,2662712395730,12,0.060928,-116.97,2,8.683e+08,7,1,0,
141,1,2659650265520,2659722203786,7,14.2524,-102.779,2,8.683e+08,7,1,0,
197,1,2666720028528,2666791966217,7,8.325,-108.706,2,8.683e+08,7,1,0,
318,2,2661162505011,2662972950348,12,-13.7305,-130.761,2,8.683e+08,7,1,0,
385,1,2662988967146,2663235755627,9,0.426562,-116.604,4,8.683e+08,7,1,0,
54,1,2663183019949,2663635632728,10,-1.31431,-118.345,2,8.683e+08,7,1,0,
54,3,2663183019949,2663635638110,10,-8.28683,-125.318,2,8.683e+08,7,1,0,
54,4,2663183019949,2663635639680,10,-14.4882,-131.519,2,8.683e+08,7,1,0,
255,1,2663422483558,2663669271834,9,8.53204,-108.499,2,8.683e+08,7,1,0,
20,1,2665365118123,2665611906432,9,-3.33344,-120.364,2,8.683e+08,7,1,0,
20,3,2665365118123,2665611912639,9,-12.8621,-129.893,2,8.683e+08,7,1,0,
345,2,2669888137127,2671698577721,12,-1.83144,-118.862,4,8.683e+08,7,1,0,
274,1,2664581139067,2664714775174,8,0.25979,-116.771,2,8.683e+08,7,1,0,
369,1,2664707361483,2664779300065,7,14.8513,-102.18,4,8.683e+08,7,1,0,
200,1,2666494175119,2668304613236,12,2.31811,-114.713,4,8.683e+08,7,1,0,
23,1,2667095169340,2667167108337,7,5.88637,-111.145,2,8.683e+08,7,1,0,
341,1,2666346119437,2667333261265,11,-13.3988,-130.43,4,8.683e+08,7,1,0,
341,2,2666346119437,2667333271739,11,-16.0482,-133.079,4,8.683e+08,7,1,0,
341,3,2666346119437,2667333265930,11,-12.7583,-129.789,4,8.683e+08,7,1,0,
341,4,2666346119437,2667333265114,11,-13.7516,-130.782,4,8.683e+08,7,1,0,
301,1,2667271248324,2667343187404,7,14.7444,-102.286,2,8.683e+08,7,1,0,
236,1,2670677889553,2670749829153,7,0.913564,-116.117,4,8.683e+08,7,1,0,
17,4,2670653461333,2672463911769,12,-21.7656,-138.797,4,8.683e+08,7,1,0,
134,1,2678044351664,2679854791607,12,-5.70875,-122.74,2,8.683e+08,7,1,0,
134,4,2678044351664,2679854790605,12,0.877707,-116.153,2,8.683e+08,7,1,0,
149,1,2669852192926,2669924131524,7,9.13183,-107.899,4,8.683e+08,7,1,0,
50,1,2669580491677,2671390930264,12,1.18285,-115.848,2,8.683e+08,7,1,0,
342,1,2671422710534,2671669498676,9,10.3399,-106.691,4,8.683e+08,7,1,0,
161,3,2670367328961,2672177767555,12,-2.60215,-119.633,4,8.683e+08,7,1,0,
299,1,2671093382441,2672080524282,11,1.89504,-115.136,4,8.683e+08,7,1,0,
299,4,2671093382441,2672080530841,11,-9.98373,-127.015,4,8.683e+08,7,1,0,
330,2,2677896473846,2679706914971,12,-12.3249,-129.356,2,8.683e+08,7,1,0,
330,3,2677896473846,2679706915381,12,-18.7902,-135.821,2,8.683e+08,7,1,0,
39,1,2678366950848,2678438889902,7,3.56792,-113.463,4,8.683e+08,7,1,0,
348,1,2672347619563,2672800232501,10,-0.65316,-117.684,2,8.683e+08,7,1,0,
348,3,2672347619563,2672800244975,10,-13.0875,-130.118,2,8.683e+08,7,1,0,
348,4,2672347619563,2672800240157,10,-11.8673,-128.898,2,8.683e+08,7,1,0,
316,4,2686205651837,2688016090438,12,-6.73656,-123.767,4,8.683e+08,7,1,0,
386,1,2673858085191,2673930023158,7,10.3052,-106.726,4,8.683e+08,7,1,0,
367,2,2687094445591,2688904885798,12,-7.91872,-124.95,4,8.683e+08,7,1,0,
389,1,2687429620983,2689240060244,12,-4.7442,-121.775,2,8.683e+08,7,1,0,
389,4,2687429620983,2689240061648,12,-4.40407,-121.435,2,8.683e+08,7,1,0,
388,1,2680742365726,2680876001636,8,-3.85444,-120.885,2,8.683e+08,7,1,0,
388,4,2680742365726,2680876008711,8,-11.5401,-128.571,2,8.683e+08,7,1,0,
254,1,2693145053111,2694955492268,12,-9.44042,-126.471,2,8.683e+08,7,1,0,
254,2,2693145053111,2694955494327,12,-14.4437,-131.475,2,8.683e+08,7,1,0,
254,3,2693145053111,2694955501455,12,-16.6794,-133.71,2,8.683e+08,7,1,0,
254,4,2693145053111,2694955506295,12,-21.7242,-138.755,2,8.683e+08,7,1,0,
133,2,2686073181551,2687883621726,12,-8.03415,-125.065,2,8.683e+08,7,1,0,
133,3,2686073181551,2687883622786,12,-11.8692,-128.9,2,8.683e+08,7,1,0,
401,1,2690945513453,2691398126516,10,8.14258,-108.888,4,8.683e+08,7,1,0,
402,1,2692845546657,2692979182392,8,12.7932,-104.238,4,8.683e+08,7,1,0,
353,1,2711862800761,2713673239893,12,-2.89185,-119.923,4,8.683e+08,7,1,0,
353,2,2711862800761,2713673240344,12,-10.9869,-128.018,4,8.683e+08,7,1,0,
353,4,2711862800761,2713673251650,12,-21.9828,-139.014,4,8.683e+08,7,1,0,
331,1,2688603420246,2688850208466,9,5.27344,-111.757,4,8.683e+08,7,1,0,
270,4,2690271873525,2692082312635,12,-1.09363,-118.125,2,8.683e+08,7,1,0,
269,1,2703351963055,2703485598676,8,2.27763,-114.753,4,8.683e+08,7,1,0,
269,2,2703351963055,2703485607123,8,-11.9526,-128.983,4,8.683e+08,7,1,0,
269,3,2703351963055,2703485606429,8,-10.4483,-127.479,4,8.683e+08,7,1,0,
139,1,2703608311506,2703855099669,9,11.625,-105.406,4,8.683e+08,7,1,0,
139,3,2703608311506,2703855106619,9,-12.4474,-129.478,4,8.683e+08,7,1,0,
260,1,2702993587559,2703446200625,10,-2.73054,-119.761,2,8.683e+08,7,1,0,
230,1,2703111397644,2704921836353,12,-1.60636,-118.637,2,8.683e+08,7,1,0,
230,2,2703111397644,2704921837662,12,-6.31321,-123.344,2,8.683e+08,7,1,0,
230,3,2703111397644,2704921842982,12,-20.7149,-137.746,2,8.683e+08,7,1,0,
378,1,2695537799250,2697348239336,12,-4.04018,-121.071,4,8.683e+08,7,1,0,
378,2,2695537799250,2697348253670,12,-22.19,-139.221,4,8.683e+08,7,1,0,
364,1,2697077484027,2698887922922,12,-6.12336,-123.154,4,8.683e+08,7,1,0,
364,2,2697077484027,2698887934634,12,-18.4031,-135.434,4,8.683e+08,7,1,0,
364,3,2697077484027,2698887928062,12,-16.0744,-133.105,4,8.683e+08,7,1,0,
364,4,2697077484027,2698887923870,12,-6.46155,-123.492,4,8.683e+08,7,1,0,
321,1,2699303912580,2699756525267,10,-1.48467,-118.516,2,8.683e+08,7,1,0,
321,2,2699303912580,2699756531159,10,-15.9482,-132.979,2,8.683e+08,7,1,0,
123,4,2702479185359,2704289628204,12,-14.354,-131.385,2,8.683e+08,7,1,0,
251,1,2701533054858,2701604992741,7,17.0457,-99.9852,2,8.683e+08,7,1,0,
95,1,2708956173692,2709089809373,8,13.6616,-103.369,2,8.683e+08,7,1,0,
358,1,2709176884049,2709248823365,7,18.4577,-98.5732,4,8.683e+08,7,1,0,
336,1,2706314248059,2708124687088,12,-11.3336,-128.365,2,8.683e+08,7,1,0,
336,2,2706314248059,2708124696651,12,-16.9968,-134.028,2,8.683e+08,7,1,0,
336,4,2706314248059,2708124700986,12,-20.4537,-137.485,2,8.683e+08,7,1,0,
188,1,2704329941855,2705317083702,11,-1.07006,-118.101,4,8.683e+08,7,1,0,
48,1,2710035870412,2710169506332,8,5.67319,-111.358,2,8.683e+08,7,1,0,
48,4,2710035870412,2710169513178,8,-7.23979,-124.271,2,8.683e+08,7,1,0,
248,1,2711721621928,2711793559104,7,22.2982,-94.7327,2,8.683e+08,7,1,0,
349,1,2727736520583,2729546959540,12,-6.09554,-123.126,4,8.683e+08,7,1,0,
349,4,2727736520583,2729546961172,12,-3.4684,-120.499,4,8.683e+08,7,1,0,
285,1,2715495481059,2716482622833,11,0.552151,-116.479,2,8.683e+08,7,1,0,
240,1,2714316148650,2716126587888,12,-0.596427,-117.627,4,8.683e+08,7,1,0,
240,4,2714316148650,2716126591817,12,-16.0848,-133.116,4,8.683e+08,7,1,0,
246,1,2716383509377,2716630297573,9,5.655,-111.376,2,8.683e+08,7,1,0,
196,1,2716500526115,2718310964681,12,0.509708,-116.521,2,8.683e+08,7,1,0,
196,4,2716500526115,2718310972617,12,-18.5896,-135.62,2,8.683e+08,7,1,0,
49,1,2718305696204,2719292838192,11,0.90309,-116.128,2,8.683e+08,7,1,0,
49,2,2718305696204,2719292841046,11,-6.62871,-123.66,2,8.683e+08,7,1,0,
49,3,2718305696204,2719292843953,11,-9.07768,-126.109,2,8.683e+08,7,1,0,
81,1,2716282561502,2717269703378,11,-3.72666,-120.758,4,8.683e+08,7,1,0,
81,4,2716282561502,2717269708612,11,-13.6907,-130.722,4,8.683e+08,7,1,0,
51,1,2729326869440,2729398808030,7,20.0569,-96.974,2,8.683e+08,7,1,0,
362,4,2718066634340,2719053780393,11,-7.10307,-124.134,4,8.683e+08,7,1,0,
404,1,2723907246928,2725717687243,12,-12.5849,-129.616,2,8.683e+08,7,1,0,
404,4,2723907246928,2725717685593,12,-5.39907,-122.43,2,8.683e+08,7,1,0,
142,1,2720126831724,2720579444452,10,1.81997,-115.211,4,8.683e+08,7,1,0,
142,2,2720126831724,2720579452972,10,-15.0551,-132.086,4,8.683e+08,7,1,0,
142,3,2720126831724,2720579449683,10,-7.56102,-124.592,4,8.683e+08,7,1,0,
142,4,2720126831724,2720579452427,10,-13.7274,-130.758,4,8.683e+08,7,1,0,
75,1,2724212124840,2724284063395,7,14.8338,-102.197,4,8.683e+08,7,1,0,
365,1,2721531259482,2723341699710,12,-13.163,-130.194,4,8.683e+08,7,1,0,
365,2,2721531259482,2723341697929,12,-3.26762,-120.299,4,8.683e+08,7,1,0,
365,3,2721531259482,2723341704258,12,-13.7182,-130.749,4,8.683e+08,7,1,0,
262,1,2723383769641,2723836382906,10,-2.26436,-119.295,4,8.683e+08,7,1,0,
262,2,2723383769641,2723836389366,10,-14.1038,-131.135,4,8.683e+08,7,1,0,
190,1,2724927624582,2724999563338,7,18.8559,-98.175,2,8.683e+08,7,1,0,
33,2,2729037044672,2730847485167,12,-3.10792,-120.139,2,8.683e+08,7,1,0,
157,1,2726877691967,2726949630187,7,16.8157,-100.215,4,8.683e+08,7,1,0,
68,1,2732959655853,2734770094730,12,-4.05706,-121.088,2,8.683e+08,7,1,0,
68,2,2732959655853,2734770096898,12,-11.1392,-128.17,2,8.683e+08,7,1,0,
68,3,2732959655853,2734770103661,12,-17.116,-134.147,2,8.683e+08,7,1,0,
80,1,2729799137488,2731609576022,12,-2.45913,-119.49,2,8.683e+08,7,1,0,
120,1,2734579844790,2736390283247,12,-1.5576,-118.589,2,8.683e+08,7,1,0,
132,1,2732602857999,2733589999476,11,-2.74018,-119.771,2,8.683e+08,7,1,0,
132,3,2732602857999,2733590004219,11,-18.8979,-135.929,2,8.683e+08,7,1,0,
132,4,2732602857999,2733590004385,11,-12.0177,-129.049,2,8.683e+08,7,1,0,
265,1,2733123602283,2733257238285,8,2.50665,-114.524,4,8.683e+08,7,1,0,
394,1,2731182258112,2732992698029,12,-0.144805,-117.176,4,8.683e+08,7,1,0,
115,1,2730920655968,2730992593300,7,25.9047,-91.1262,2,8.683e+08,7,1,0,
110,3,2730654391389,2732464832202,12,-2.89514,-119.926,2,8.683e+08,7,1,0,
110,4,2730654391389,2732464831930,12,-1.65696,-118.688,2,8.683e+08,7,1,0,
396,4,2737024228652,2738834670600,12,-20.5475,-137.578,2,8.683e+08,7,1,0,
163,1,2736601478041,2736673414988,7,31.341,-85.6899,2,8.683e+08,7,1,0,
326,1,2738297108804,2740107548075,12,-2.4617,-119.493,4,8.683e+08,7,1,0,
326,2,2738297108804,2740107555695,12,-18.509,-135.54,4,8.683e+08,7,1,0,
275,4,2734050253407,2735860696993,12,-9.13697,-126.168,2,8.683e+08,7,1,0,
85,1,2736216568037,2736350203730,8,7.29602,-109.735,2,8.683e+08,7,1,0,
219,3,2735316034841,2737126476878,12,-11.0989,-128.13,2,8.683e+08,7,1,0,
366,1,2738310411472,2738763024301,10,3.63363,-113.397,4,8.683e+08,7,1,0,
366,4,2738310411472,2738763035054,10,-16.3704,-133.401,4,8.683e+08,7,1,0,
89,1,2743938893839,2744926035332,11,0.470902,-116.56,4,8.683e+08,7,1,0,
40,1,2742801309345,2743788451042,11,-3.37079,-120.402,4,8.683e+08,7,1,0,
55,1,2744794778227,2745041566724,9,2.8751,-114.156,2,8.683e+08,7,1,0,
91,1,2745154912917,2745288548944,8,7.61332,-109.418,2,8.683e+08,7,1,0,
258,2,2743134973061,2744122118110,11,-11.4486,-128.479,2,8.683e+08,7,1,0,
258,3,2743134973061,2744122121632,11,-15.2452,-132.276,2,8.683e+08,7,1,0,
277,1,2744975921976,2746786361551,12,1.46355,-115.567,4,8.683e+08,7,1,0,
277,2,2744975921976,2746786372829,12,-17.4098,-134.441,4,8.683e+08,7,1,0,
382,1,2745953397527,2746940539558,11,-3.03119,-120.062,4,8.683e+08,7,1,0,
382,2,2745953397527,2746940543008,11,-12.3918,-129.423,4,8.683e+08,7,1,0,
108,2,2744191988518,2745179144745,11,-16.2494,-133.28,4,8.683e+08,7,1,0,
302,3,2745210406232,2747020848753,12,-13.9782,-131.009,4,8.683e+08,7,1,0,
302,4,2745210406232,2747020847306,12,-8.24023,-125.271,4,8.683e+08,7,1,0,
32,1,2762562957288,2764373395332,12,-15.7109,-132.742,2,8.683e+08,7,1,0,
32,2,2762562957288,2764373400843,12,-13.5728,-130.604,2,8.683e+08,7,1,0,
32,3,2762562957288,2764373398135,12,-4.71267,-121.744,2,8.683e+08,7,1,0,
32,4,2762562957288,2764373403310,12,-15.8657,-132.897,2,8.683e+08,7,1,0,
284,1,2759182818548,2760169960364,11,-2.57601,-119.607,4,8.683e+08,7,1,0,
284,2,2759182818548,2760169972749,11,-18.5753,-135.606,4,8.683e+08,7,1,0,
395,1,2749805781180,2750258393862,10,-0.421638,-117.453,2,8.683e+08,7,1,0,
143,1,2750384511054,2752194949421,12,-2.18159,-119.212,4,8.683e+08,7,1,0,
143,3,2750384511054,2752194960308,12,-20.5772,-137.608,4,8.683e+08,7,1,0,
143,4,2750384511054,2752194953966,12,-14.3878,-131.419,4,8.683e+08,7,1,0,
340,1,2758300970710,2758372909241,7,15.5276,-101.503,4,8.683e+08,7,1,0,
323,1,2754669898397,2756480338540,12,-5.89712,-122.928,2,8.683e+08,7,1,0,
323,2,2754669898397,2756480341798,12,-14.9288,-131.96,2,8.683e+08,7,1,0,
323,3,2754669898397,2756480337170,12,-6.7353,-123.766,2,8.683e+08,7,1,0,
323,4,2754669898397,2756480344452,12,-11.4279,-128.459,2,8.683e+08,7,1,0,
74,1,2766105425085,2767092566661,11,-1.77848,-118.809,2,8.683e+08,7,1,0,
257,1,2759017425989,2760827866130,12,-8.9881,-126.019,2,8.683e+08,7,1,0,
257,4,2759017425989,2760827865675,12,-7.98375,-125.015,2,8.683e+08,7,1,0,
309,1,2757424060987,2757670849541,9,7.686,-109.345,2,8.683e+08,7,1,0,
309,2,2757424060987,2757670855765,9,-9.14792,-126.179,2,8.683e+08,7,1,0,
112,1,2771850580784,2772837722758,11,-6.06436,-123.095,2,8.683e+08,7,1,0,
112,3,2771850580784,2772837731408,11,-15.3167,-132.348,2,8.683e+08,7,1,0,
112,4,2771850580784,2772837725952,11,-10.4393,-127.47,2,8.683e+08,7,1,0,
138,1,2768949881313,2769402494331,10,0.84039,-116.191,4,8.683e+08,7,1,0,
138,2,2768949881313,2769402502311,10,-16.5245,-133.555,4,8.683e+08,7,1,0,
138,3,2768949881313,2769402498971,10,-10.5852,-127.616,4,8.683e+08,7,1,0,
138,4,2768949881313,2769402502152,10,-16.9225,-133.953,4,8.683e+08,7,1,0,
187,1,2772405678299,2772539314016,8,15.2324,-101.798,2,8.683e+08,7,1,0,
322,1,2760035122691,2760281910990,9,2.21929,-114.812,4,8.683e+08,7,1,0,
205,1,2768939565704,2770750004004,12,-12.62,-129.651,2,8.683e+08,7,1,0,
145,1,2785230684124,2785302622987,7,7.94619,-109.085,4,8.683e+08,7,1,0,
173,1,2771644930696,2773455369300,12,-1.90186,-118.933,2,8.683e+08,7,1,0,
173,2,2771644930696,2773455371163,12,-10.2556,-127.287,2,8.683e+08,7,1,0,
173,3,2771644930696,2773455377139,12,-16.3435,-133.374,2,8.683e+08,7,1,0,
105,1,2771022450051,2772009591883,11,-7.56458,-124.595,4,8.683e+08,7,1,0,
67,1,2779995890884,2780067828661,7,23.2541,-93.7768,2,8.683e+08,7,1,0,
218,1,2783149094864,2783221033761,7,8.91894,-108.112,2,8.683e+08,7,1,0,
210,1,2774658261242,2774730200088,7,12.0745,-104.956,4,8.683e+08,7,1,0,
7,1,2773142968056,2774953408288,12,-6.28548,-123.316,4,8.683e+08,7,1,0,
7,4,2773142968056,2774953406705,12,-1.74089,-118.772,4,8.683e+08,7,1,0,
311,1,2773134997620,2773268633294,8,6.54513,-110.486,2,8.683e+08,7,1,0,
381,1,2774425151283,2774671939507,9,6.59621,-110.435,2,8.683e+08,7,1,0,
44,1,2775573808271,2775645746696,7,18.5677,-98.4632,2,8.683e+08,7,1,0,
371,1,2774997334806,2775449947662,10,8.55198,-108.479,2,8.683e+08,7,1,0,
371,2,2774997334806,2775449952639,10,-15.9141,-132.945,2,8.683e+08,7,1,0,
371,3,2774997334806,2775449955455,10,-13.2312,-130.262,2,8.683e+08,7,1,0,
288,1,2778943149024,2780753587969,12,-5.55262,-122.584,4,8.683e+08,7,1,0,
288,2,2778943149024,2780753589263,12,-5.72446,-122.755,4,8.683e+08,7,1,0,
288,4,2778943149024,2780753601292,12,-21.0486,-138.08,4,8.683e+08,7,1,0,
370,1,2792618768277,2792690705301,7,30.6963,-86.3346,4,8.683e+08,7,1,0,
290,1,2783845410692,2784832552111,11,4.16752,-112.863,4,8.683e+08,7,1,0,
290,2,2783845410692,2784832563298,11,-18.2278,-135.259,4,8.683e+08,7,1,0,
126,1,2793433653674,2793886266613,10,4.09727,-112.934,2,8.683e+08,7,1,0,
126,4,2793433653674,2793886271679,10,-3.56459,-120.595,2,8.683e+08,7,1,0,
354,1,2781833044556,2783643484577,12,-10.996,-128.027,2,8.683e+08,7,1,0,
354,3,2781833044556,2783643487613,12,-17.4728,-134.504,2,8.683e+08,7,1,0,
354,4,2781833044556,2783643483585,12,-14.7057,-131.737,2,8.683e+08,7,1,0,
259,1,2784319427372,2784566215502,9,-4.51272,-121.544,4,8.683e+08,7,1,0,
259,3,2784319427372,2784566223763,9,-8.34161,-125.373,4,8.683e+08,7,1,0,
259,4,2784319427372,2784566222014,9,-10.147,-127.178,4,8.683e+08,7,1,0,
162,1,2787220342509,2789030780610,12,-5.73647,-122.767,4,8.683e+08,7,1,0,
162,2,2787220342509,2789030793658,12,-21.3225,-138.353,4,8.683e+08,7,1,0,
162,4,2787220342509,2789030783227,12,-0.368706,-117.4,4,8.683e+08,7,1,0,
243,1,2789723563227,2791534003020,12,-2.64214,-119.673,4,8.683e+08,7,1,0,
243,3,2789723563227,2791534007366,12,-10.0633,-127.094,4,8.683e+08,7,1,0,
243,4,2789723563227,2791534002154,12,1.95848,-115.072,4,8.683e+08,7,1,0,
199,1,2789281915950,2789353855011,7,9.13528,-107.896,4,8.683e+08,7,1,0,
69,1,2792621878634,2794432317444,12,-2.67726,-119.708,2,8.683e+08,7,1,0,
69,2,2792621878634,2794432320587,12,-13.6476,-130.679,2,8.683e+08,7,1,0,
69,3,2792621878634,2794432327396,12,-16.7599,-133.791,2,8.683e+08,7,1,0,
225,2,2790762061383,2792572515414,12,-20.9819,-138.013,2,8.683e+08,7,1,0,
13,1,2791359725390,2793170164327,12,-0.742869,-117.774,4,8.683e+08,7,1,0,
65,1,2796844937639,2798655377376,12,-3.48538,-120.516,2,8.683e+08,7,1,0,
169,1,2800063948616,2801874387366,12,-13.4734,-130.504,2,8.683e+08,7,1,0,
169,2,2800063948616,2801874401743,12,-22.4623,-139.493,2,8.683e+08,7,1,0,
169,4,2800063948616,2801874391000,12,-13.8799,-130.911,2,8.683e+08,7,1,0,
168,1,2794047665075,2795858104430,12,-1.07278,-118.104,4,8.683e+08,7,1,0,
168,3,2794047665075,2795858112415,12,-19.3995,-136.43,4,8.683e+08,7,1,0,
168,4,2794047665075,2795858105308,12,-5.35917,-122.39,4,8.683e+08,7,1,0,
129,2,2797704548622,2799514989698,12,-6.59087,-123.622,2,8.683e+08,7,1,0,
42,3,2796692897452,2798503339403,12,-8.93878,-125.97,4,8.683e+08,7,1,0,
42,4,2796692897452,2798503337550,12,-3.88754,-120.918,4,8.683e+08,7,1,0,
147,1,2798199045142,2798270983753,7,16.7995,-100.231,4,8.683e+08,7,1,0,
207,1,2800213148343,2800285087880,7,9.97685,-107.054,2,8.683e+08,7,1,0,
140,1,2800406227839,2800653016354,9,3.86752,-113.163,4,8.683e+08,7,1,0,
140,4,2800406227839,2800653023052,9,-13.8277,-130.859,4,8.683e+08,7,1,0,
376,1,2806776765410,2806848702820,7,14.4014,-102.629,4,8.683e+08,7,1,0,
102,1,2802318749829,2803305891764,11,-1.67693,-118.708,2,8.683e+08,7,1,0,
102,2,2802318749829,2803305899083,11,-13.6198,-130.651,2,8.683e+08,7,1,0,
102,3,2802318749829,2803305894600,11,-10.2906,-127.322,2,8.683e+08,7,1,0,
36,1,2807571303988,2808558445913,11,3.0092,-114.022,4,8.683e+08,7,1,0,
36,2,2807571303988,2808558454864,11,-18.0037,-135.035,4,8.683e+08,7,1,0,
245,1,2802108476869,2803918917027,12,-2.01069,-119.042,4,8.683e+08,7,1,0,
245,4,2802108476869,2803918922573,12,-11.4686,-128.499,4,8.683e+08,7,1,0,
374,2,2802589195217,2804399636470,12,-19.268,-136.299,4,8.683e+08,7,1,0,
374,3,2802589195217,2804399643590,12,-19.7649,-136.796,4,8.683e+08,7,1,0,
391,2,2806406493395,2808216941914,12,-11.5484,-128.579,4,8.683e+08,7,1,0,
136,1,2805011561746,2805464175044,10,-7.20836,-124.239,2,8.683e+08,7,1,0,
136,2,2805011561746,2805464181389,10,-11.7267,-128.758,2,8.683e+08,7,1,0,
9,1,2803485883634,2803557820969,7,19.4577,-97.5732,4,8.683e+08,7,1,0,
29,1,2811067256243,2811314044712,9,5.37416,-111.657,4,8.683e+08,7,1,0,
238,1,2806257372206,2808067812089,12,-1.2297,-118.261,4,8.683e+08,7,1,0,
238,3,2806257372206,2808067813678,12,-5.8656,-122.897,4,8.683e+08,7,1,0,
34,4,2807896932811,2809707372547,12,-10.583,-127.614,4,8.683e+08,7,1,0,
117,1,2816973904402,2817045843213,7,20.5207,-96.5102,2,8.683e+08,7,1,0,
209,1,2809056836554,2809509449413,10,3.8883,-113.143,2,8.683e+08,7,1,0,
192,1,2809930573810,2810917715651,11,-1.51378,-118.545,2,8.683e+08,7,1,0,
63,1,2809356017119,2811166456357,12,-0.00331018,-117.034,4,8.683e+08,7,1,0,
180,1,2812559179173,2812805967409,9,9.4432,-107.588,2,8.683e+08,7,1,0,
57,1,2812926437475,2813379050403,10,8.49684,-108.534,2,8.683e+08,7,1,0,
57,2,2812926437475,2813379057353,10,-11.6646,-128.695,2,8.683e+08,7,1,0,
57,3,2812926437475,2813379055409,10,-13.7849,-130.816,2,8.683e+08,7,1,0,
159,1,2815474375733,2815546313098,7,28.1906,-88.8403,4,8.683e+08,7,1,0,
346,1,2817689287551,2819499726175,12,-4.14686,-121.178,4,8.683e+08,7,1,0,
346,4,2817689287551,2819499730449,12,-12.7241,-129.755,4,8.683e+08,7,1,0,
189,1,2814011239529,2814998381284,11,1.76291,-115.268,2,8.683e+08,7,1,0,
189,4,2814011239529,2814998391070,11,-19.3003,-136.331,2,8.683e+08,7,1,0,
264,1,2818317023816,2818563812299,9,-0.245067,-117.276,4,8.683e+08,7,1,0,
16,1,2819196257338,2821006697567,12,-8.17082,-125.202,4,8.683e+08,7,1,0,
16,2,2819196257338,2821006695786,12,-3.85403,-120.885,4,8.683e+08,7,1,0,
16,3,2819196257338,2821006702203,12,-15.87,-132.901,4,8.683e+08,7,1,0,
306,1,2819044831293,2819178467204,8,-6.01088,-123.042,2,8.683e+08,7,1,0,
227,1,2822853170138,2823305783446,10,-0.83293,-117.864,4,8.683e+08,7,1,0,
227,2,2822853170138,2823305787729,10,-9.63432,-126.665,4,8.683e+08,7,1,0,
227,3,2822853170138,2823305789819,10,-12.0457,-129.077,4,8.683e+08,7,1,0,
227,4,2822853170138,2823305795108,10,-13.1715,-130.202,4,8.683e+08,7,1,0,
373,1,2825288193929,2827098634005,12,-3.419,-120.45,4,8.683e+08,7,1,0,
373,2,2825288193929,2827098633832,12,-11.7858,-128.817,4,8.683e+08,7,1,0,
10,1,2825413654848,2826400796611,11,-7.22269,-124.254,4,8.683e+08,7,1,0,
10,3,2825413654848,2826400799985,11,-4.61599,-121.647,4,8.683e+08,7,1,0,
10,4,2825413654848,2826400802428,11,-16.7615,-133.792,4,8.683e+08,7,1,0,
380,1,2833576019859,2833709655953,8,-5.27567,-122.307,4,8.683e+08,7,1,0,
380,3,2833576019859,2833709664296,8,-10.0963,-127.127,4,8.683e+08,7,1,0,
380,4,2833576019859,2833709662527,8,-8.29403,-125.325,4,8.683e+08,7,1,0,
94,1,2820464073647,2820536012976,7,7.85329,-109.178,2,8.683e+08,7,1,0,
171,1,2829938928165,2830010867747,7,1.63493,-115.396,4,8.683e+08,7,1,0,
82,1,2821726045506,2823536485320,12,-0.515167,-117.546,4,8.683e+08,7,1,0,
82,3,2821726045506,2823536487248,12,-20.1144,-137.145,4,8.683e+08,7,1,0,
82,4,2821726045506,2823536485522,12,-3.91638,-120.947,4,8.683e+08,7,1,0,
119,1,2828748895754,2830559335158,12,-3.7229,-120.754,2,8.683e+08,7,1,0,
119,3,2828748895754,2830559347160,12,-19.643,-136.674,2,8.683e+08,7,1,0,
103,3,2826381774686,2827368927002,11,-16.1455,-133.176,4,8.683e+08,7,1,0,
103,4,2826381774686,2827368921068,11,-11.129,-128.16,4,8.683e+08,7,1,0,
131,3,2825774238473,2827584679798,12,-12.9458,-129.977,4,8.683e+08,7,1,0,
233,2,2839784708823,2841595149535,12,-9.49919,-126.53,2,8.683e+08,7,1,0,
160,1,2840625775850,2840872564038,9,9.84807,-107.183,2,8.683e+08,7,1,0,
186,1,2830481978455,2830553917433,7,16.5402,-100.491,2,8.683e+08,7,1,0,
214,1,2840011906019,2840145541762,8,11.3167,-105.714,4,8.683e+08,7,1,0,
359,1,2831490162283,2831942775320,10,3.48646,-113.544,4,8.683e+08,7,1,0,
359,2,2831490162283,2831942781238,10,-10.7388,-127.77,4,8.683e+08,7,1,0,
359,3,2831490162283,2831942780600,10,-12.0297,-129.061,4,8.683e+08,7,1,0,
327,1,2832781881685,2833028670076,9,-6.78805,-123.819,2,8.683e+08,7,1,0,
11,1,2832091167987,2832163105299,7,32.4132,-84.6177,2,8.683e+08,7,1,0,
47,1,2840804765450,2840876703336,7,16.2798,-100.751,4,8.683e+08,7,1,0,
31,1,2837203007587,2837655620585,10,0.372737,-116.658,2,8.683e+08,7,1,0,
31,4,2837203007587,2837655628766,10,-15.5484,-132.579,2,8.683e+08,7,1,0,
282,1,2835842894114,2837653332696,12,-1.29023,-118.321,4,8.683e+08,7,1,0,
282,4,2835842894114,2837653335392,12,-19.5619,-136.593,4,8.683e+08,7,1,0,
266,1,2838139554889,2839949994884,12,-9.73,-126.761,4,8.683e+08,7,1,0,
22,1,2840996767619,2842807207236,12,-0.625435,-117.656,2,8.683e+08,7,1,0,
22,3,2840996767619,2842807218371,12,-20.7022,-137.733,2,8.683e+08,7,1,0,
128,1,2843254991248,2845065430431,12,1.79419,-115.237,2,8.683e+08,7,1,0,
239,4,2842373946228,2844184385274,12,-6.22468,-123.256,2,8.683e+08,7,1,0,
111,1,2847753431996,2849563870237,12,1.53043,-115.5,4,8.683e+08,7,1,0,
111,2,2847753431996,2849563884204,12,-22.4155,-139.446,4,8.683e+08,7,1,0,
351,2,2844646191775,2846456645357,12,-19.6977,-136.729,2,8.683e+08,7,1,0,
109,2,2850175108611,2851985547985,12,-8.12167,-125.153,4,8.683e+08,7,1,0,
383,1,2842829979618,2843817121569,11,-1.30645,-118.337,4,8.683e+08,7,1,0,
383,2,2842829979618,2843817125035,11,-16.0732,-133.104,4,8.683e+08,7,1,0,
383,3,2842829979618,2843817126265,11,-8.75433,-125.785,4,8.683e+08,7,1,0,
387,1,2851292966043,2851539754444,9,7.12171,-109.909,2,8.683e+08,7,1,0,
130,3,2849401117767,2851211559787,12,-10.2623,-127.293,4,8.683e+08,7,1,0,
130,4,2849401117767,2851211559499,12,-7.41798,-124.449,4,8.683e+08,7,1,0,
400,1,2854144006926,2854215946100,7,2.32672,-114.704,4,8.683e+08,7,1,0,
315,1,2849791169818,2851601609015,12,-3.86305,-120.894,4,8.683e+08,7,1,0,
86,1,2853222888529,2853294827721,7,11.1634,-105.867,4,8.683e+08,7,1,0,
191,3,2854301110789,2856111562971,12,-21.4826,-138.513,2,8.683e+08,7,1,0,
37,1,2850547174270,2850999787332,10,3.68061,-113.35,4,8.683e+08,7,1,0,
37,3,2850547174270,2850999792124,10,-8.62758,-125.658,4,8.683e+08,7,1,0,
37,4,2850547174270,2850999793971,10,-10.8637,-127.895,4,8.683e+08,7,1,0,
64,1,2852059616937,2853870056365,12,-0.882254,-117.913,4,8.683e+08,7,1,0,
64,4,2852059616937,2853870067107,12,-16.8423,-133.873,4,8.683e+08,7,1,0,
272,1,2854754029212,2854825965756,7,39.6952,-77.3357,2,8.683e+08,7,1,0,
204,2,2869056698671,2870867147247,12,-15.6115,-132.642,2,8.683e+08,7,1,0,
61,1,2854897768297,2854969707177,7,16.936,-100.095,2,8.683e+08,7,1,0,
242,1,2860830190725,2861076979182,9,1.57837,-115.453,2,8.683e+08,7,1,0,
242,2,2860830190725,2861076986806,9,-11.6299,-128.661,2,8.683e+08,7,1,0,
203,1,2858112895518,2858565508277,10,9.0961,-107.935,4,8.683e+08,7,1,0,
203,2,2858112895518,2858565514211,10,-11.0417,-128.073,4,8.683e+08,7,1,0,
165,1,2862754892207,2863001680802,9,2.88624,-114.145,4,8.683e+08,7,1,0,
165,2,2862754892207,2863001689850,9,-14.26,-131.291,4,8.683e+08,7,1,0,
165,3,2862754892207,2863001686353,9,-9.62724,-126.658,4,8.683e+08,7,1,0,
165,4,2862754892207,2863001688588,9,-12.8126,-129.843,4,8.683e+08,7,1,0,
6,3,2870280407643,2872090847803,12,-11.7994,-128.83,2,8.683e+08,7,1,0,
6,4,2870280407643,2872090851052,12,-8.97233,-126.003,2,8.683e+08,7,1,0,
73,1,2860555545165,2861008158096,10,3.67845,-113.352,4,8.683e+08,7,1,0,
237,1,2866069545900,2867879985049,12,-15.2294,-132.26,2,8.683e+08,7,1,0,
237,3,2866069545900,2867879998996,12,-19.4509,-136.482,2,8.683e+08,7,1,0,
237,4,2866069545900,2867879994036,12,-19.5902,-136.621,2,8.683e+08,7,1,0,
177,1,2869616281679,2869688219929,7,3.30641,-113.724,2,8.683e+08,7,1,0,
92,1,2870035181057,2870487794183,10,3.10591,-113.925,2,8.683e+08,7,1,0,
92,3,2870035181057,2870487798606,10,-9.11428,-126.145,2,8.683e+08,7,1,0,
92,4,2870035181057,2870487801900,10,-16.83,-133.861,2,8.683e+08,7,1,0,
60,1,2864843128987,2865295741931,10,7.72604,-109.305,2,8.683e+08,7,1,0,
60,2,2864843128987,2865295753655,10,-15.7684,-132.799,2,8.683e+08,7,1,0,
125,1,2868954341044,2870764779343,12,1.26495,-115.766,4,8.683e+08,7,1,0,
125,4,2868954341044,2870764784603,12,-10.5813,-127.612,4,8.683e+08,7,1,0,
53,1,2873944940935,2874191729512,9,9.55185,-107.479,2,8.683e+08,7,1,0,
53,2,2873944940935,2874191736685,9,-13.4305,-130.461,2,8.683e+08,7,1,0,
106,1,2870487610395,2870621246206,8,11.79,-105.241,4,8.683e+08,7,1,0,
295,1,2873317311287,2873389250004,7,10.8104,-106.22,2,8.683e+08,7,1,0,
41,1,2875108824070,2875180762795,7,5.90701,-111.124,2,8.683e+08,7,1,0,
256,1,2871595228326,2871667166599,7,15.8251,-101.206,2,8.683e+08,7,1,0,
390,1,2871323003628,2871775616710,10,-0.599786,-117.631,2,8.683e+08,7,1,0,
390,4,2871323003628,2871775624742,10,-13.5044,-130.535,2,8.683e+08,7,1,0,
350,1,2872953846551,2873025786091,7,6.6587,-110.372,2,8.683e+08,7,1,0,
271,1,2876112256029,2877922694542,12,-1.83666,-118.868,2,8.683e+08,7,1,0,
271,4,2876112256029,2877922700305,12,-11.7336,-128.765,2,8.683e+08,7,1,0,
231,1,2876710347514,2877162960631,10,7.80815,-109.223,2,8.683e+08,7,1,0,
26,1,2878233729823,2878305668715,7,3.85808,-113.173,2,8.683e+08,7,1,0,
217,1,2875049489413,2876036631173,11,-15.0186,-132.049,2,8.683e+08,7,1,0,
101,1,2878634541136,2879621682641,11,-0.280118,-117.311,2,8.683e+08,7,1,0,
101,2,2878634541136,2879621687274,11,-14.9447,-131.976,2,8.683e+08,7,1,0,
247,1,2879552976151,2881363415746,12,-7.5317,-124.563,4,8.683e+08,7,1,0,
247,2,2879552976151,2881363422308,12,-20.6909,-137.722,4,8.683e+08,7,1,0,
178,1,2882988474011,2883122109720,8,1.35015,-115.681,2,8.683e+08,8,1,0,
361,1,2884645828643,2884717765766,7,12.4565,-104.574,2,8.683e+08,8,1,0,
372,2,2884669418673,2885656575019,11,-17.4803,-134.511,4,8.683e+08,8,1,0,
372,4,2884669418673,2885656569280,11,-13.9316,-130.963,4,8.683e+08,8,1,0,
78,1,2881251736633,2881385372404,8,-5.07009,-122.101,2,8.683e+08,8,1,0,
30,1,2882435540954,2884245981141,12,-7.43514,-124.466,4,8.683e+08,8,1,0,
30,2,2882435540954,2884245984484,12,-12.4105,-129.441,4,8.683e+08,8,1,0,
273,1,2885164001694,2885235938685,7,40.6629,-76.368,2,8.683e+08,8,1,0,
56,1,2891537193227,2891609130149,7,29.8702,-87.1607,2,8.683e+08,8,1,0,
121,2,2884589558159,2886400006996,12,-15.6525,-132.683,4,8.683e+08,8,1,0,
121,4,2884589558159,2886399998783,12,-7.6695,-124.7,4,8.683e+08,8,1,0,
347,1,2889789850813,2891600289320,12,-2.62649,-119.657,4,8.683e+08,8,1,0,
398,4,2889891455159,2891701902542,12,-20.2223,-137.253,2,8.683e+08,8,1,0,
319,1,2885956363491,2887766802779,12,-2.20547,-119.236,2,8.683e+08,8,1,0,
216,1,2895481935483,2895934548467,10,0.434278,-116.597,2,8.683e+08,8,1,0,
59,1,2894951425528,2895404038530,10,6.18717,-110.844,2,8.683e+08,8,1,0,
59,2,2894951425528,2895404048405,10,-14.6268,-131.658,2,8.683e+08,8,1,0,
59,3,2894951425528,2895404043764,10,-10.2085,-127.239,2,8.683e+08,8,1,0,
249,1,2895282252305,2895415888311,8,8.4202,-108.611,4,8.683e+08,8,1,0,
229,1,2895298999851,2895370938701,7,11.0247,-106.006,4,8.683e+08,8,1,0,
76,2,2898552874014,2900363316241,12,-10.3507,-127.382,4,8.683e+08,8,1,0,
76,3,2898552874014,2900363324438,12,-20.7597,-137.791,4,8.683e+08,8,1,0,
79,1,2896642414225,2896714352836,7,7.46293,-109.568,2,8.683e+08,8,1,0,
368,1,2898279983542,2898351920139,7,47.1452,-69.8857,4,8.683e+08,8,1,0,
303,1,2896401930286,2896473868154,7,14.3933,-102.638,2,8.683e+08,8,1,0,
280,1,2899385699032,2899457636677,7,30.2227,-86.8082,4,8.683e+08,8,1,0,
377,1,2906870808245,2907117596505,9,-8.10815,-125.139,4,8.683e+08,8,1,0,
377,2,2906870808245,2907117603352,9,-12.5503,-129.581,4,8.683e+08,8,1,0,
18,1,2902158425862,2902405214472,9,-3.08465,-120.116,2,8.683e+08,8,1,0,
18,3,2902158425862,2902405222489,9,-11.2264,-128.257,2,8.683e+08,8,1,0,
18,4,2902158425862,2902405219950,9,-12.3992,-129.43,2,8.683e+08,8,1,0,
308,1,2900690664021,2900762601815,7,22.4291,-94.6018,4,8.683e+08,8,1,0,
38,1,2917724687906,2919535125971,12,0.183174,-116.848,4,8.683e+08,8,1,0,
90,1,2908145334268,2909132475882,11,2.64627,-114.385,2,8.683e+08,8,1,0,
90,3,2908145334268,2909132480155,11,-14.7519,-131.783,2,8.683e+08,8,1,0,
90,4,2908145334268,2909132480833,11,-15.2389,-132.27,2,8.683e+08,8,1,0,
215,2,2902803900080,2904614340182,12,-4.39063,-121.422,4,8.683e+08,8,1,0,
215,3,2902803900080,2904614344392,12,-13.4334,-130.464,4,8.683e+08,8,1,0,
313,1,2903464891967,2905275330393,12,-1.56224,-118.593,4,8.683e+08,8,1,0,
313,4,2903464891967,2905275337682,12,-16.7189,-133.75,4,8.683e+08,8,1,0,
276,1,2905959244547,2907769683396,12,-1.93453,-118.965,4,8.683e+08,8,1,0,
276,2,2905959244547,2907769685695,12,-8.26063,-125.292,4,8.683e+08,8,1,0,
276,3,2905959244547,2907769692451,12,-20.3935,-137.424,4,8.683e+08,8,1,0,
19,1,2904994361130,2905241149552,9,-5.36021,-122.391,4,8.683e+08,8,1,0,
19,4,2904994361130,2905241155668,9,-6.63474,-123.666,4,8.683e+08,8,1,0,
356,1,2905264668720,2905717281780,10,1.9519,-115.079,2,8.683e+08,8,1,0,
104,1,2910877288418,2912687727934,12,-16.1006,-133.131,4,8.683e+08,8,1,0,
104,2,2910877288418,2912687733794,12,-14.1934,-131.224,4,8.683e+08,8,1,0,
104,4,2910877288418,2912687742590,12,-21.2635,-138.294,4,8.683e+08,8,1,0,
328,1,2910386488400,2911373630320,11,1.57677,-115.454,2,8.683e+08,8,1,0,
328,2,2910386488400,2911373638779,11,-18.2915,-135.322,2,8.683e+08,8,1,0,
328,3,2910386488400,2911373633507,11,-13.5712,-130.602,2,8.683e+08,8,1,0,
206,1,2907544152543,2909354590802,12,-0.362145,-117.393,2,8.683e+08,8,1,0,
52,4,2908559321011,2910369765256,12,-12.1276,-129.159,4,8.683e+08,8,1,0,
14,1,2920910166155,2921897307961,11,2.25603,-114.775,4,8.683e+08,8,1,0,
14,2,2920910166155,2921897315943,11,-15.5579,-132.589,4,8.683e+08,8,1,0,
152,1,2911230959486,2912218101183,11,3.19813,-113.833,2,8.683e+08,8,1,0,
152,2,2911230959486,2912218110554,11,-18.8689,-135.9,2,8.683e+08,8,1,0,
379,1,2909817693513,2909951329444,8,13.1183,-103.913,2,8.683e+08,8,1,0,
329,1,2911974890058,2912108525808,8,6.20283,-110.828,2,8.683e+08,8,1,0,
329,2,2911974890058,2912108535510,8,-11.4336,-128.465,2,8.683e+08,8,1,0,
198,1,2924888319517,2926698758338,12,-7.57972,-124.611,2,8.683e+08,8,1,0,
198,2,2924888319517,2926698772452,12,-21.9327,-138.964,2,8.683e+08,8,1,0,
198,4,2924888319517,2926698767507,12,-20.0364,-137.067,2,8.683e+08,8,1,0,
355,1,2916407459605,2916479397005,7,30.0052,-87.0257,4,8.683e+08,8,1,0,
70,1,2923131060137,2923377848749,9,-11.4285,-128.459,2,8.683e+08,8,1,0,
70,2,2923131060137,2923377854397,9,-9.55154,-126.582,2,8.683e+08,8,1,0,
43,1,2912880000695,2914690440408,12,-0.21615,-117.247,4,8.683e+08,8,1,0,
43,2,2912880000695,2914690439658,12,-4.12033,-121.151,4,8.683e+08,8,1,0,
43,3,2912880000695,2914690445460,12,-19.8189,-136.85,4,8.683e+08,8,1,0,
71,1,2916304562937,2918115003236,12,-3.25504,-120.286,4,8.683e+08,8,1,0,
71,2,2916304562937,2918115010772,12,-20.5671,-137.598,4,8.683e+08,8,1,0,
71,3,2916304562937,2918115002589,12,-7.94763,-124.979,4,8.683e+08,8,1,0,
71,4,2916304562937,2918115004530,12,-22.176,-139.207,4,8.683e+08,8,1,0,
87,3,2920532990301,2922343433889,12,-16.0441,-133.075,4,8.683e+08,8,1,0,
87,4,2920532990301,2922343429309,12,-2.12214,-119.153,4,8.683e+08,8,1,0,
226,1,2920564648331,2921017261166,10,-0.571854,-117.603,4,8.683e+08,8,1,0,
226,4,2920564648331,2921017268051,10,-14.9802,-132.011,4,8.683e+08,8,1,0,
193,1,2919405729965,2921216168972,12,-3.74567,-120.777,2,8.683e+08,8,1,0,
193,2,2919405729965,2921216172139,12,-7.92426,-124.955,2,8.683e+08,8,1,0,
393,1,2922390387025,2924200827174,12,-2.90395,-119.935,4,8.683e+08,8,1,0,
393,2,2922390387025,2924200827325,12,-11.9957,-129.027,4,8.683e+08,8,1,0,
393,3,2922390387025,2924200828019,12,-5.69791,-122.729,4,8.683e+08,8,1,0,
393,4,2922390387025,2924200836164,12,-20.3013,-137.332,4,8.683e+08,8,1,0,
155,1,2930756010096,2931002798581,9,1.09834,-115.933,2,8.683e+08,8,1,0,
155,3,2930756010096,2931002808676,9,-14.0473,-131.078,2,8.683e+08,8,1,0,
156,1,2942982031428,2943969172928,11,2.75158,-114.279,4,8.683e+08,8,1,0,
156,3,2942982031428,2943969186351,11,-18.7069,-135.738,4,8.683e+08,8,1,0,
93,3,2935387152555,2937197592252,12,-12.2969,-129.328,4,8.683e+08,8,1,0,
93,4,2935387152555,2937197598658,12,-17.4805,-134.511,4,8.683e+08,8,1,0,
335,1,2930440732839,2932251171601,12,1.01239,-116.019,4,8.683e+08,8,1,0,
335,4,2930440732839,2932251181716,12,-21.3454,-138.376,4,8.683e+08,8,1,0,
338,1,2927585391201,2929395830902,12,-4.08505,-121.116,2,8.683e+08,8,1,0,
338,3,2927585391201,2929395844699,12,-21.8831,-138.914,2,8.683e+08,8,1,0,
72,1,2934241684797,2934488473377,9,-1.75381,-118.785,4,8.683e+08,8,1,0,
344,1,2940314682560,2942125120947,12,-5.6217,-122.653,4,8.683e+08,8,1,0,
344,2,2940314682560,2942125126561,12,-10.2581,-127.289,4,8.683e+08,8,1,0,
325,1,2932252000931,2933239142768,11,4.49669,-112.534,4,8.683e+08,8,1,0,
137,1,2933763136273,2935573575425,12,-2.3595,-119.39,2,8.683e+08,8,1,0,
137,2,2933763136273,2935573585347,12,-17.2667,-134.298,2,8.683e+08,8,1,0,
137,3,2933763136273,2935573578199,12,-9.96687,-126.998,2,8.683e+08,8,1,0,
137,4,2933763136273,2935573576846,12,-17.1246,-134.155,2,8.683e+08,8,1,0,
307,1,2937851656674,2939662095265,12,-8.11748,-125.148,2,8.683e+08,8,1,0,
307,2,2937851656674,2939662103770,12,-22.4167,-139.448,2,8.683e+08,8,1,0,
307,3,2937851656674,2939662097504,12,-11.2361,-128.267,2,8.683e+08,8,1,0,
307,4,2937851656674,2939662099108,12,-22.3587,-139.39,2,8.683e+08,8,1,0,
77,1,2942452458150,2944262898411,12,-3.72159,-120.752,2,8.683e+08,8,1,0,
77,2,2942452458150,2944262913037,12,-20.5482,-137.579,2,8.683e+08,8,1,0,
77,4,2942452458150,2944262904000,12,-16.6393,-133.67,2,8.683e+08,8,1,0,
179,4,2942510553627,2943497699672,11,-6.50367,-123.535,4,8.683e+08,8,1,0,
166,1,2938350245826,2939337387520,11,-9.37713,-126.408,2,8.683e+08,8,1,0,
279,1,2949239840946,2949311778716,7,22.1978,-94.8331,2,8.683e+08,8,1,0,
324,4,2940630364663,2942440810614,12,-17.2634,-134.294,4,8.683e+08,8,1,0,
84,1,2950326316196,2950459952174,8,4.65767,-112.373,2,8.683e+08,8,1,0,
172,1,2950716233884,2952526672810,12,-3.04896,-120.08,4,8.683e+08,8,1,0,
172,2,2950716233884,2952526677666,12,-12.2252,-129.256,4,8.683e+08,8,1,0,
107,2,2946728421552,2948538861293,12,-3.15482,-120.186,2,8.683e+08,8,1,0,
107,3,2946728421552,2948538866711,12,-16.1241,-133.155,2,8.683e+08,8,1,0,
174,1,2945204049256,2947014488146,12,-1.5901,-118.621,2,8.683e+08,8,1,0,
174,4,2945204049256,2947014491679,12,-17.1137,-134.145,2,8.683e+08,8,1,0,
118,1,2959701606859,2960154219986,10,-2.33582,-119.367,2,8.683e+08,8,1,0,
234,1,2949093460555,2950903899579,12,-1.34135,-118.372,2,8.683e+08,8,1,0,
234,2,2949093460555,2950903910031,12,-14.755,-131.786,2,8.683e+08,8,1,0,
234,3,2949093460555,2950903903044,12,-11.5324,-128.563,2,8.683e+08,8,1,0,
234,4,2949093460555,2950903900881,12,-13.3323,-130.363,2,8.683e+08,8,1,0,
392,1,2953133888024,2954944326180,12,-3.14094,-120.172,2,8.683e+08,8,1,0,
392,3,2953133888024,2954944336463,12,-16.5613,-133.592,2,8.683e+08,8,1,0,
392,4,2953133888024,2954944340458,12,-20.2363,-137.267,2,8.683e+08,8,1,0,
135,1,2956190228883,2958000668574,12,-0.860156,-117.891,4,8.683e+08,8,1,0,
135,4,2956190228883,2958000668291,12,-21.3826,-138.414,4,8.683e+08,8,1,0,
212,1,2954881338229,2956691776497,12,2.12234,-114.909,4,8.683e+08,8,1,0,
212,2,2954881338229,2956691778636,12,1.09167,-115.939,4,8.683e+08,8,1,0,
212,3,2954881338229,2956691782935,12,-11.0859,-128.117,4,8.683e+08,8,1,0,
114,1,2959234727202,2959481515418,9,2.12234,-114.909,4,8.683e+08,8,1,0,
114,3,2959234727202,2959481527493,9,-13.9839,-131.015,4,8.683e+08,8,1,0,
98,1,2955078941438,2955531554670,10,2.33179,-114.699,2,8.683e+08,8,1,0,
15,1,2959684044005,2961494482247,12,1.06273,-115.968,2,8.683e+08,8,1,0,
15,4,2959684044005,2961494492981,12,-19.0143,-136.045,2,8.683e+08,8,1,0,
113,1,2961012807901,2961999949354,11,4.70213,-112.329,4,8.683e+08,8,1,0,
113,2,2961012807901,2961999954341,11,-10.5637,-127.595,4,8.683e+08,8,1,0,
113,3,2961012807901,2961999954104,11,-17.7779,-134.809,4,8.683e+08,8,1,0,
113,4,2961012807901,2961999959399,11,-17.6616,-134.692,4,8.683e+08,8,1,0,
252,1,2961185197590,2961318833500,8,12.7925,-104.238,4,8.683e+08,8,1,0,
224,1,2956719001354,2956965789913,9,10.2058,-106.825,4,8.683e+08,8,1,0,
224,3,2956719001354,2956965795786,9,-10.6998,-127.731,4,8.683e+08,8,1,0,
224,4,2956719001354,2956965797051,9,-10.0345,-127.065,4,8.683e+08,8,1,0,
267,1,2962747132632,2964557572545,12,-3.38335,-120.414,4,8.683e+08,8,1,0,
267,4,2962747132632,2964557579867,12,-13.0556,-130.087,4,8.683e+08,8,1,0,
291,1,2969351971900,2970339113215,11,2.03958,-114.991,4,8.683e+08,8,1,0,
291,3,2969351971900,2970339123069,11,-17.2044,-134.235,4,8.683e+08,8,1,0,
291,4,2969351971900,2970339118013,11,-16.3761,-133.407,4,8.683e+08,8,1,0,
235,1,2969191136163,2969263074271,7,11.4963,-105.535,2,8.683e+08,8,1,0,
310,1,2966211855340,2968022295441,12,-7.4913,-124.522,4,8.683e+08,8,1,0,
310,3,2966211855340,2968022310115,12,-20.0528,-137.084,4,8.683e+08,8,1,0,
297,1,2962458189472,2962704978010,9,3.46194,-113.569,4,8.683e+08,8,1,0,
297,3,2962458189472,2962704987188,9,-13.9793,-131.01,4,8.683e+08,8,1,0,
148,1,2963814216180,2963886153108,7,27.3592,-89.6717,2,8.683e+08,8,1,0,
12,1,2971423327107,2973233767038,12,-4.84153,-121.872,4,8.683e+08,8,1,0,
298,1,2968584602341,2970395040529,12,-11.2518,-128.283,4,8.683e+08,8,1,0,
298,2,2968584602341,2970395043733,12,-13.6769,-130.708,4,8.683e+08,8,1,0,
298,3,2968584602341,2970395049698,12,-21.2147,-138.246,4,8.683e+08,8,1,0,
164,1,2972178360264,2973165502256,11,2.36406,-114.667,4,8.683e+08,8,1,0,
164,4,2972178360264,2973165507075,11,-13.8666,-130.898,4,8.683e+08,8,1,0,
403,1,2971878030959,2971949968096,7,32.3844,-84.6465,2,8.683e+08,8,1,0,
296,2,2978732263710,2980542706480,12,-12.8099,-129.841,2,8.683e+08,8,1,0,
296,3,2978732263710,2980542703643,12,-8.38008,-125.411,2,8.683e+08,8,1,0,
181,1,2974513897649,2974966510389,10,2.97681,-114.054,2,8.683e+08,8,1,0,
181,4,2974513897649,2974966516268,10,-10.9994,-128.03,2,8.683e+08,8,1,0,
28,1,2975627199097,2975760834964,8,7.68272,-109.348,4,8.683e+08,8,1,0,
5,1,2973249952354,2973496740524,9,-2.09954,-119.13,2,8.683e+08,8,1,0,
221,1,2976796485459,2977249098286,10,-2.39604,-119.427,2,8.683e+08,8,1,0,
292,1,2980220240440,2982030679670,12,-1.70561,-118.737,2,8.683e+08,8,1,0,
304,1,2974986418830,2976796858994,12,-15.686,-132.717,4,8.683e+08,8,1,0,
304,2,2974986418830,2976796868218,12,-20.2564,-137.287,4,8.683e+08,8,1,0,
304,4,2974986418830,2976796858897,12,-6.55987,-123.591,4,8.683e+08,8,1,0,
25,1,2986571440624,2986705076425,8,4.35442,-112.676,2,8.683e+08,8,1,0,
287,1,2978096436980,2978168375733,7,17.5664,-99.4645,4,8.683e+08,8,1,0,
287,2,2978096436980,2978168385385,7,-8.19973,-125.231,4,8.683e+08,8,1,0,
375,2,2980845520807,2982655963863,12,-16.2108,-133.242,4,8.683e+08,8,1,0,
375,3,2980845520807,2982655960023,12,-14.4791,-131.51,4,8.683e+08,8,1,0,
333,1,2982308560787,2982761173697,10,-0.145699,-117.177,4,8.683e+08,8,1,0,
62,1,2983534073964,2985344513758,12,-5.70303,-122.734,4,8.683e+08,8,1,0,
62,2,2983534073964,2985344513510,12,0.960896,-116.07,4,8.683e+08,8,1,0,
154,1,2984526413898,2984773202311,9,1.81912,-115.212,4,8.683e+08,8,1,0,
154,2,2984526413898,2984773208408,9,-5.97104,-123.002,4,8.683e+08,8,1,0,
300,1,2984618876018,2985606017595,11,1.2551,-115.776,4,8.683e+08,8,1,0,
300,3,2984618876018,2985606027825,11,-13.7851,-130.816,4,8.683e+08,8,1,0,
300,4,2984618876018,2985606022335,11,-11.7574,-128.788,4,8.683e+08,8,1,0,
334,1,2982956103490,2983408716635,10,2.55397,-114.477,2,8.683e+08,8,1,0,
58,1,2988859766350,2989846908347,11,-1.99948,-119.03,4,8.683e+08,8,1,0,
21,1,2987170805151,2988981245588,12,-7.12436,-124.155,4,8.683e+08,8,1,0,
21,2,2987170805151,2988981252104,12,-16.7616,-133.792,4,8.683e+08,8,1,0,
127,1,2990145455475,2990279091290,8,15.683,-101.348,4,8.683e+08,8,1,0,
314,1,2991152117150,2992139259017,11,-3.04536,-120.076,4,8.683e+08,8,1,0,
314,4,2991152117150,2992139268929,11,-17.8039,-134.835,4,8.683e+08,8,1,0,
146,2,2992056190024,2993866633133,12,-10.1892,-127.22,4,8.683e+08,8,1,0,
35,1,2989822311886,2989894250696,7,8.99325,-108.038,4,8.683e+08,8,1,0,
35,3,2989822311886,2989894260500,7,-8.39707,-125.428,4,8.683e+08,8,1,0,
211,1,2993974777327,2994046715038,7,16.4893,-100.542,2,8.683e+08,8,1,0,
183,1,2997129456774,2998116598674,11,3.74256,-113.288,2,8.683e+08,8,1,0,
183,2,2997129456774,2998116601770,11,-1.97354,-119.004,2,8.683e+08,8,1,0,
183,3,2997129456774,2998116604340,11,-12.3335,-129.364,2,8.683e+08,8,1,0,
183,4,2997129456774,2998116610181,11,-15.992,-133.023,2,8.683e+08,8,1,0,
283,1,2997472646524,2997544584728,7,19.3936,-97.6373,2,8.683e+08,8,1,0,
194,1,2992216373398,2994026813354,12,-7.44218,-124.473,4,8.683e+08,8,1,0,
100,1,3007719407558,3007966195773,9,1.07982,-115.951,2,8.683e+08,8,1,0,
100,3,3007719407558,3007966202617,9,-12.7461,-129.777,2,8.683e+08,8,1,0,
320,1,2997864158702,2997936097966,7,3.05661,-113.974,2,8.683e+08,8,1,0,
253,2,2999851572581,3001662018135,12,-19.5722,-136.603,2,8.683e+08,8,1,0,
253,3,2999851572581,3001662012660,12,-6.60733,-123.638,2,8.683e+08,8,1,0,
281,1,2998513478034,2998585416667,7,18.3257,-98.7052,2,8.683e+08,8,1,0,
261,1,3003305496380,3003377434406,7,14.1117,-102.919,2,8.683e+08,8,1,0,
399,4,2998211519706,3000021959602,12,-7.35845,-124.389,4,8.683e+08,8,1,0,
278,1,2998335086651,3000145525528,12,0.224967,-116.806,4,8.683e+08,8,1,0,
278,2,2998335086651,3000145539830,12,-21.2818,-138.313,4,8.683e+08,8,1,0,
343,1,3006145211048,3007955649855,12,-9.33545,-126.366,2,8.683e+08,8,1,0,
343,4,3006145211048,3007955652102,12,-10.6124,-127.643,2,8.683e+08,8,1,0,
116,1,3010904085838,3011891227822,11,0.631592,-116.399,2,8.683e+08,8,1,0,
116,2,3010904085838,3011891231569,11,-16.211,-133.242,2,8.683e+08,8,1,0,
294,1,3003118745640,3003190684110,7,0.710161,-116.321,4,8.683e+08,8,1,0,
352,1,3000997254496,3002807694357,12,-2.72852,-119.759,4,8.683e+08,8,1,0,
352,4,3000997254496,3002807695851,12,-6.79045,-123.821,4,8.683e+08,8,1,0,
8,1,3006502827479,3006955440480,10,5.44156,-111.589,2,8.683e+08,8,1,0,
305,2,3012287381225,3014097820333,12,-8.58976,-125.621,2,8.683e+08,8,1,0,
222,3,3012035290530,3013845731385,12,-6.7295,-123.76,4,8.683e+08,8,1,0,
222,4,3012035290530,3013845730696,12,-16.6777,-133.709,4,8.683e+08,8,1,0,
312,1,3008076447146,3009886886802,12,-21.1273,-138.158,4,8.683e+08,8,1,0,
312,2,3008076447146,3009886889817,12,-16.0219,-133.053,4,8.683e+08,8,1,0,
195,1,3010567068606,3012377507796,12,0.739771,-116.291,2,8.683e+08,8,1,0,
195,2,3010567068606,3012377522034,12,-19.6538,-136.685,2,8.683e+08,8,1,0,
195,4,3010567068606,3012377516309,12,-17.0002,-134.031,2,8.683e+08,8,1,0,
97,2,3016290562951,3018101003493,12,-1.98646,-119.017,4,8.683e+08,8,1,0,
99,1,3012025227552,3013012369195,11,-17.2301,-134.261,2,8.683e+08,8,1,0,
99,2,3012025227552,3013012373713,11,-12.4374,-129.468,2,8.683e+08,8,1,0,
99,3,3012025227552,3013012373764,11,-7.70095,-124.732,2,8.683e+08,8,1,0,
96,4,3017289517297,3019099956991,12,-7.87124,-124.902,4,8.683e+08,8,1,0,
27,1,3015745708708,3016198321551,10,1.90153,-115.129,4,8.683e+08,8,1,0,
27,2,3015745708708,3016198327767,10,-14.6494,-131.68,4,8.683e+08,8,1,0,
201,2,3020123732599,3021934182105,12,-21.7012,-138.732,2,8.683e+08,8,1,0,
201,4,3020123732599,3021934172550,12,-8.56788,-125.599,2,8.683e+08,8,1,0,
24,3,3020552484317,3022362928010,12,-6.97032,-124.001,2,8.683e+08,8,1,0,
141,1,3019650265520,3019722203786,7,18.8185,-98.2124,2,8.683e+08,8,1,0,
385,1,3022988967146,3023235755627,9,1.07116,-115.96,4,8.683e+08,8,1,0,
385,4,3022988967146,3023235766356,9,-13.7129,-130.744,4,8.683e+08,8,1,0,
197,1,3026720028528,3026791966217,7,16.8945,-100.136,2,8.683e+08,8,1,0,
274,1,3024581139067,3024714775174,8,-5.58809,-122.619,2,8.683e+08,8,1,0,
274,2,3024581139067,3024714783503,8,-10.4077,-127.439,2,8.683e+08,8,1,0,
369,1,3024707361483,3024779300065,7,7.15754,-109.873,4,8.683e+08,8,1,0,
369,4,3024707361483,3024779309633,7,-6.8889,-123.92,4,8.683e+08,8,1,0,
54,1,3023183019949,3023635632728,10,-3.11255,-120.143,2,8.683e+08,8,1,0,
54,3,3023183019949,3023635638110,10,-11.278,-128.309,2,8.683e+08,8,1,0,
54,4,3023183019949,3023635639680,10,-11.6304,-128.661,2,8.683e+08,8,1,0,
23,1,3027095169340,3027167108337,7,15.1714,-101.86,2,8.683e+08,8,1,0,
255,1,3023422483558,3023669271834,9,-2.79408,-119.825,2,8.683e+08,8,1,0,
255,4,3023422483558,3023669280006,9,-7.41133,-124.442,2,8.683e+08,8,1,0,
200,1,3026494175119,3028304613236,12,-3.29053,-120.321,4,8.683e+08,8,1,0,
301,1,3027271248324,3027343187404,7,12.7864,-104.245,2,8.683e+08,8,1,0,
20,1,3025365118123,3025611906432,9,5.77982,-111.251,2,8.683e+08,8,1,0,
20,3,3025365118123,3025611912639,9,-7.52809,-124.559,2,8.683e+08,8,1,0,
341,1,3026346119437,3027333261265,11,-2.60304,-119.634,4,8.683e+08,8,1,0,
341,3,3026346119437,3027333265930,11,-10.7309,-127.762,4,8.683e+08,8,1,0,
341,4,3026346119437,3027333265114,11,-17.1826,-134.213,4,8.683e+08,8,1,0,
363,3,3027293668323,3027365616222,7,-8.72902,-125.76,4,8.683e+08,8,1,0,
50,1,3029580491677,3031390930264,12,-2.18222,-119.213,2,8.683e+08,8,1,0,
50,4,3029580491677,3031390944267,12,-21.6364,-138.667,2,8.683e+08,8,1,0,
236,1,3030677889553,3030749829153,7,11.9602,-105.071,4,8.683e+08,8,1,0,
149,1,3029852192926,3029924131524,7,14.2352,-102.796,4,8.683e+08,8,1,0,
386,1,3033858085191,3033930023158,7,20.3185,-96.7124,4,8.683e+08,8,1,0,
348,1,3032347619563,3032800232501,10,-15.5044,-132.535,2,8.683e+08,8,1,0,
299,1,3031093382441,3032080524282,11,-0.992181,-118.023,4,8.683e+08,8,1,0,
161,3,3030367328961,3032177767555,12,1.50665,-115.524,4,8.683e+08,8,1,0,
330,1,3037896473846,3039706912799,12,-7.29674,-124.328,2,8.683e+08,8,1,0,
330,2,3037896473846,3039706914971,12,-8.84199,-125.873,2,8.683e+08,8,1,0,
330,3,3037896473846,3039706915381,12,-6.97879,-124.01,2,8.683e+08,8,1,0,
342,1,3031422710534,3031669498676,9,7.32065,-109.71,4,8.683e+08,8,1,0,
39,1,3038366950848,3038438889902,7,14.9312,-102.1,4,8.683e+08,8,1,0,
134,4,3038044351664,3039854790605,12,-2.83946,-119.87,2,8.683e+08,8,1,0,
316,1,3046205651837,3048016091911,12,-3.29557,-120.326,4,8.683e+08,8,1,0,
316,4,3046205651837,3048016090438,12,0.359611,-116.671,4,8.683e+08,8,1,0,
133,2,3046073181551,3047883621726,12,-11.6906,-128.722,2,8.683e+08,8,1,0,
133,3,3046073181551,3047883622786,12,-12.598,-129.629,2,8.683e+08,8,1,0,
254,1,3053145053111,3054955492268,12,-6.94909,-123.98,2,8.683e+08,8,1,0,
254,2,3053145053111,3054955494327,12,-8.17814,-125.209,2,8.683e+08,8,1,0,
254,4,3053145053111,3054955506295,12,-20.7696,-137.801,2,8.683e+08,8,1,0,
367,2,3047094445591,3048904885798,12,-11.5253,-128.556,4,8.683e+08,8,1,0,
388,1,3040742365726,3040876001636,8,7.31532,-109.716,2,8.683e+08,8,1,0,
401,1,3050945513453,3051398126516,10,5.72458,-111.306,4,8.683e+08,8,1,0,
250,1,3054604595741,3056415036200,12,-5.19957,-122.23,4,8.683e+08,8,1,0,
250,3,3054604595741,3056415047742,12,-19.0829,-136.114,4,8.683e+08,8,1,0,
250,4,3054604595741,3056415040073,12,-14.6692,-131.7,4,8.683e+08,8,1,0,
331,1,3048603420246,3048850208466,9,9.00186,-108.029,4,8.683e+08,8,1,0,
270,1,3050271873525,3052082313884,12,-5.60199,-122.633,2,8.683e+08,8,1,0,
270,3,3050271873525,3052082320686,12,-19.3364,-136.367,2,8.683e+08,8,1,0,
270,4,3050271873525,3052082312635,12,-6.71211,-123.743,2,8.683e+08,8,1,0,
269,1,3063351963055,3063485598676,8,15.1169,-101.914,4,8.683e+08,8,1,0,
321,1,3059303912580,3059756525267,10,1.79349,-115.237,2,8.683e+08,8,1,0,
123,1,3062479185359,3064289624875,12,-2.34579,-119.377,2,8.683e+08,8,1,0,
123,4,3062479185359,3064289628204,12,-13.8197,-130.851,2,8.683e+08,8,1,0,
402,1,3052845546657,3052979182392,8,11.4543,-105.577,4,8.683e+08,8,1,0,
139,1,3063608311506,3063855099669,9,-4.51028,-121.541,4,8.683e+08,8,1,0,
188,1,3064329941855,3065317083702,11,0.981936,-116.049,4,8.683e+08,8,1,0,
188,2,3064329941855,3065317091567,11,-19.2352,-136.266,4,8.683e+08,8,1,0,
378,1,3055537799250,3057348239336,12,-4.73928,-121.77,4,8.683e+08,8,1,0,
378,3,3055537799250,3057348252802,12,-18.0772,-135.108,4,8.683e+08,8,1,0,
364,1,3057077484027,3058887922922,12,-8.71863,-125.75,4,8.683e+08,8,1,0,
364,3,3057077484027,3058887928062,12,-14.8281,-131.859,4,8.683e+08,8,1,0,
364,4,3057077484027,3058887923870,12,-17.4406,-134.471,4,8.683e+08,8,1,0,
230,2,3063111397644,3064921837662,12,-2.99341,-120.024,2,8.683e+08,8,1,0,
230,3,3063111397644,3064921842982,12,-13.2482,-130.279,2,8.683e+08,8,1,0,
251,1,3061533054858,3061604992741,7,16.082,-100.949,2,8.683e+08,8,1,0,
251,3,3061533054858,3061605004148,7,-9.13321,-126.164,2,8.683e+08,8,1,0,
260,1,3062993587559,3063446200625,10,2.9303,-114.101,2,8.683e+08,8,1,0,
358,1,3069176884049,3069248823365,7,5.48624,-111.545,4,8.683e+08,8,1,0,
48,1,3070035870412,3070169506332,8,8.46558,-108.565,2,8.683e+08,8,1,0,
48,4,3070035870412,3070169513178,8,-10.0923,-127.123,2,8.683e+08,8,1,0,
336,1,3066314248059,3068124687088,12,1.40197,-115.629,2,8.683e+08,8,1,0,
353,1,3071862800761,3073673239893,12,-1.93775,-118.969,4,8.683e+08,8,1,0,
353,2,3071862800761,3073673240344,12,-13.5689,-130.6,4,8.683e+08,8,1,0,
353,3,3071862800761,3073673244929,12,-10.8297,-127.861,4,8.683e+08,8,1,0,
353,4,3071862800761,3073673251650,12,-21.393,-138.424,4,8.683e+08,8,1,0,
95,1,3068956173692,3069089809373,8,8.08236,-108.949,2,8.683e+08,8,1,0,
196,1,3076500526115,3078310964681,12,5.22199,-111.809,2,8.683e+08,8,1,0,
196,4,3076500526115,3078310972617,12,-14.4703,-131.501,2,8.683e+08,8,1,0,
248,1,3071721621928,3071793559104,7,35.8863,-81.1446,2,8.683e+08,8,1,0,
240,1,3074316148650,3076126587888,12,-0.905942,-117.937,4,8.683e+08,8,1,0,
240,3,3074316148650,3076126598878,12,-19.7493,-136.78,4,8.683e+08,8,1,0,
240,4,3074316148650,3076126591817,12,-18.6338,-135.665,4,8.683e+08,8,1,0,
332,2,3075507787453,3077318234810,12,-14.9768,-132.008,4,8.683e+08,8,1,0,
332,3,3075507787453,3077318239728,12,-19.2494,-136.28,4,8.683e+08,8,1,0,
362,3,3078066634340,3079053780343,11,-7.10054,-124.131,4,8.683e+08,8,1,0,
362,4,3078066634340,3079053780393,11,-12.9396,-129.97,4,8.683e+08,8,1,0,
285,1,3075495481059,3076482622833,11,0.923076,-116.108,2,8.683e+08,8,1,0,
33,1,3089037044672,3090847483088,12,0.168712,-116.862,2,8.683e+08,8,1,0,
33,2,3089037044672,3090847485167,12,-16.2218,-133.253,2,8.683e+08,8,1,0,
142,1,3080126831724,3080579444452,10,7.85829,-109.173,4,8.683e+08,8,1,0,
246,1,3076383509377,3076630297573,9,12.2851,-104.746,2,8.683e+08,8,1,0,
81,1,3076282561502,3077269703378,11,-1.43863,-118.47,4,8.683e+08,8,1,0,
81,4,3076282561502,3077269708612,11,-12.5677,-129.599,4,8.683e+08,8,1,0,
49,1,3078305696204,3079292838192,11,-1.89555,-118.926,2,8.683e+08,8,1,0,
49,2,3078305696204,3079292841046,11,-17.2545,-134.285,2,8.683e+08,8,1,0,
404,1,3083907246928,3085717687243,12,-6.37625,-123.407,2,8.683e+08,8,1,0,
404,3,3083907246928,3085717693154,12,-15.2972,-132.328,2,8.683e+08,8,1,0,
404,4,3083907246928,3085717685593,12,-0.446562,-117.477,2,8.683e+08,8,1,0,
365,1,3081531259482,3083341699710,12,-12.3625,-129.393,4,8.683e+08,8,1,0,
365,2,3081531259482,3083341697929,12,-9.95048,-126.981,4,8.683e+08,8,1,0,
365,3,3081531259482,3083341704258,12,-19.8404,-136.871,4,8.683e+08,8,1,0,
190,1,3084927624582,3084999563338,7,18.8397,-98.1912,2,8.683e+08,8,1,0,
51,1,3089326869440,3089398808030,7,13.098,-103.933,2,8.683e+08,8,1,0,
75,1,3084212124840,3084284063395,7,11.7386,-105.292,4,8.683e+08,8,1,0,
262,1,3083383769641,3083836382906,10,4.16075,-112.87,4,8.683e+08,8,1,0,
262,2,3083383769641,3083836389366,10,-7.80969,-124.841,4,8.683e+08,8,1,0,
157,1,3086877691967,3086949630187,7,17.6134,-99.4175,4,8.683e+08,8,1,0,
349,4,3087736520583,3089546961172,12,-10.3863,-127.417,4,8.683e+08,8,1,0,
265,1,3093123602283,3093257238285,8,5.43108,-111.6,4,8.683e+08,8,1,0,
265,4,3093123602283,3093257245142,8,-6.2072,-123.238,4,8.683e+08,8,1,0,
115,1,3090920655968,3090992593300,7,29.1005,-87.9304,2,8.683e+08,8,1,0,
68,1,3092959655853,3094770094730,12,2.95852,-114.072,2,8.683e+08,8,1,0,
219,3,3095316034841,3097126476878,12,-15.5967,-132.628,2,8.683e+08,8,1,0,
219,4,3095316034841,3097126475181,12,-3.56632,-120.597,2,8.683e+08,8,1,0,
110,3,3090654391389,3092464832202,12,-4.83927,-121.87,2,8.683e+08,8,1,0,
110,4,3090654391389,3092464831930,12,-10.9721,-128.003,2,8.683e+08,8,1,0,
132,1,3092602857999,3093589999476,11,4.20762,-112.823,2,8.683e+08,8,1,0,
132,3,3092602857999,3093590004219,11,-18.8223,-135.853,2,8.683e+08,8,1,0,
132,4,3092602857999,3093590004385,11,-16.1986,-133.23,2,8.683e+08,8,1,0,
85,1,3096216568037,3096350203730,8,9.76161,-107.269,2,8.683e+08,8,1,0,
396,3,3097024228652,3098834678702,12,-20.7606,-137.792,2,8.683e+08,8,1,0,
120,2,3094579844790,3096390285042,12,-2.63551,-119.666,2,8.683e+08,8,1,0,
89,1,3103938893839,3104926035332,11,2.00853,-115.022,4,8.683e+08,8,1,0,
89,2,3103938893839,3104926039209,11,-12.8844,-129.915,4,8.683e+08,8,1,0,
163,1,3096601478041,3096673414988,7,32.4924,-84.5385,2,8.683e+08,8,1,0,
366,1,3098310411472,3098763024301,10,-1.59323,-118.624,4,8.683e+08,8,1,0,
144,3,3098680866213,3100491320659,12,-21.9281,-138.959,2,8.683e+08,8,1,0,
326,1,3098297108804,3100107548075,12,-1.83418,-118.865,4,8.683e+08,8,1,0,
326,2,3098297108804,3100107555695,12,-21.8018,-138.833,4,8.683e+08,8,1,0,
326,4,3098297108804,3100107562526,12,-21.5507,-138.582,4,8.683e+08,8,1,0,
302,1,3105210406232,3107020844555,12,0.314702,-116.716,4,8.683e+08,8,1,0,
302,3,3105210406232,3107020848753,12,-18.2041,-135.235,4,8.683e+08,8,1,0,
302,4,3105210406232,3107020847306,12,-14.2784,-131.309,4,8.683e+08,8,1,0,
91,1,3105154912917,3105288548944,8,-2.26253,-119.293,2,8.683e+08,8,1,0,
258,2,3103134973061,3104122118110,11,-12.2491,-129.28,2,8.683e+08,8,1,0,
258,3,3103134973061,3104122121632,11,-18.1817,-135.213,2,8.683e+08,8,1,0,
40,1,3102801309345,3103788451042,11,-3.03028,-120.061,4,8.683e+08,8,1,0,
241,3,3106567296108,3108377749509,12,-18.3327,-135.364,2,8.683e+08,8,1,0,
108,1,3104191988518,3105179130512,11,1.93586,-115.095,4,8.683e+08,8,1,0,
382,1,3105953397527,3106940539558,11,-5.53898,-122.57,4,8.683e+08,8,1,0,
382,2,3105953397527,3106940543008,11,-12.0816,-129.112,4,8.683e+08,8,1,0,
150,2,3106409852946,3108220293137,12,-7.1725,-124.203,2,8.683e+08,8,1,0,
284,1,3119182818548,3120169960364,11,3.29044,-113.74,4,8.683e+08,8,1,0,
83,1,3130590001578,3132400441368,12,0.205503,-116.825,2,8.683e+08,8,1,0,
395,1,3109805781180,3110258393862,10,-2.80974,-119.841,2,8.683e+08,8,1,0,
143,1,3110384511054,3112194949421,12,2.35443,-114.676,4,8.683e+08,8,1,0,
143,4,3110384511054,3112194953966,12,-9.98132,-127.012,4,8.683e+08,8,1,0,
187,1,3132405678299,3132539314016,8,11.0088,-106.022,2,8.683e+08,8,1,0,
323,1,3114669898397,3116480338540,12,0.677277,-116.354,2,8.683e+08,8,1,0,
323,2,3114669898397,3116480341798,12,-12.1219,-129.153,2,8.683e+08,8,1,0,
323,3,3114669898397,3116480337170,12,-14.7627,-131.794,2,8.683e+08,8,1,0,
323,4,3114669898397,3116480344452,12,-18.0834,-135.114,2,8.683e+08,8,1,0,
257,1,3119017425989,3120827866130,12,-7.61107,-124.642,2,8.683e+08,8,1,0,
257,3,3119017425989,3120827873662,12,-20.5593,-137.59,2,8.683e+08,8,1,0,
257,4,3119017425989,3120827865675,12,-17.7741,-134.805,2,8.683e+08,8,1,0,
309,1,3117424060987,3117670849541,9,1.14362,-115.887,2,8.683e+08,8,1,0,
340,1,3118300970710,3118372909241,7,12.8933,-104.138,4,8.683e+08,8,1,0,
32,1,3122562957288,3124373395332,12,-4.91558,-121.946,2,8.683e+08,8,1,0,
32,2,3122562957288,3124373400843,12,-15.4611,-132.492,2,8.683e+08,8,1,0,
32,3,3122562957288,3124373398135,12,-11.5311,-128.562,2,8.683e+08,8,1,0,
32,4,3122562957288,3124373403310,12,-19.956,-136.987,2,8.683e+08,8,1,0,
138,1,3128949881313,3129402494331,10,-0.0412067,-117.072,4,8.683e+08,8,1,0,
138,2,3128949881313,3129402502311,10,-15.775,-132.806,4,8.683e+08,8,1,0,
138,3,3128949881313,3129402498971,10,-6.82259,-123.853,4,8.683e+08,8,1,0,
138,4,3128949881313,3129402502152,10,-15.7307,-132.762,4,8.683e+08,8,1,0,
322,1,3120035122691,3120281910990,9,5.82771,-111.203,4,8.683e+08,8,1,0,
322,4,3120035122691,3120281917669,9,-10.9681,-127.999,4,8.683e+08,8,1,0,
384,1,3132561885969,3134372325432,12,-6.44618,-123.477,4,8.683e+08,8,1,0,
74,1,3126105425085,3127092566661,11,-9.28881,-126.32,2,8.683e+08,8,1,0,
205,1,3128939565704,3130750004004,12,1.86083,-115.17,2,8.683e+08,8,1,0,
205,3,3128939565704,3130750018260,12,-21.2203,-138.251,2,8.683e+08,8,1,0,
112,1,3131850580784,3132837722758,11,-3.92164,-120.953,2,8.683e+08,8,1,0,
112,2,3131850580784,3132837736299,11,-19.2229,-136.254,2,8.683e+08,8,1,0,
112,4,3131850580784,3132837725952,11,-16.5023,-133.533,2,8.683e+08,8,1,0,
311,1,3133134997620,3133268633294,8,14.1179,-102.913,2,8.683e+08,8,1,0,
311,4,3133134997620,3133268640627,8,-10.0879,-127.119,2,8.683e+08,8,1,0,
173,2,3131644930696,3133455371163,12,-1.36815,-118.399,2,8.683e+08,8,1,0,
173,3,3131644930696,3133455377139,12,-14.5067,-131.538,2,8.683e+08,8,1,0,
67,1,3139995890884,3140067828661,7,24.1769,-92.854,2,8.683e+08,8,1,0,
44,1,3135573808271,3135645746696,7,14.9983,-102.033,2,8.683e+08,8,1,0,
381,1,3134425151283,3134671939507,9,6.92136,-110.11,2,8.683e+08,8,1,0,
7,3,3133142968056,3134953411564,12,-15.7182,-132.749,4,8.683e+08,8,1,0,
7,4,3133142968056,3134953406705,12,-7.35855,-124.389,4,8.683e+08,8,1,0,
145,1,3145230684124,3145302622987,7,5.84016,-111.191,4,8.683e+08,8,1,0,
210,1,3134658261242,3134730200088,7,15.0422,-101.989,4,8.683e+08,8,1,0,
371,1,3134997334806,3135449947662,10,-0.741985,-117.773,2,8.683e+08,8,1,0,
371,2,3134997334806,3135449952639,10,-6.63073,-123.662,2,8.683e+08,8,1,0,
371,3,3134997334806,3135449955455,10,-16.3982,-133.429,2,8.683e+08,8,1,0,
288,1,3138943149024,3140753587969,12,-13.2559,-130.287,4,8.683e+08,8,1,0,
288,2,3138943149024,3140753589263,12,-4.6096,-121.64,4,8.683e+08,8,1,0,
288,3,3138943149024,3140753595690,12,-18.4917,-135.523,4,8.683e+08,8,1,0,
288,4,3138943149024,3140753601292,12,-18.6966,-135.727,4,8.683e+08,8,1,0,
162,1,3147220342509,3149030780610,12,-3.00117,-120.032,4,8.683e+08,8,1,0,
162,2,3147220342509,3149030793658,12,-17.9685,-134.999,4,8.683e+08,8,1,0,
162,3,3147220342509,3149030788297,12,-17.3669,-134.398,4,8.683e+08,8,1,0,
162,4,3147220342509,3149030783227,12,-13.9513,-130.982,4,8.683e+08,8,1,0,
126,1,3153433653674,3153886266613,10,6.55394,-110.477,2,8.683e+08,8,1,0,
126,2,3153433653674,3153886278284,10,-11.6914,-128.722,2,8.683e+08,8,1,0,
126,3,3153433653674,3153886273346,10,-16.4368,-133.468,2,8.683e+08,8,1,0,
126,4,3153433653674,3153886271679,10,-9.46803,-126.499,2,8.683e+08,8,1,0,
354,1,3141833044556,3143643484577,12,-11.7965,-128.827,2,8.683e+08,8,1,0,
354,2,3141833044556,3143643495332,12,-20.755,-137.786,2,8.683e+08,8,1,0,
354,3,3141833044556,3143643487613,12,-19.7994,-136.83,2,8.683e+08,8,1,0,
354,4,3141833044556,3143643483585,12,-2.02922,-119.06,2,8.683e+08,8,1,0,
218,1,3143149094864,3143221033761,7,18.2613,-98.7696,2,8.683e+08,8,1,0,
69,2,3152621878634,3154432320587,12,-8.76465,-125.796,2,8.683e+08,8,1,0,
259,1,3144319427372,3144566215502,9,11.4042,-105.627,4,8.683e+08,8,1,0,
259,4,3144319427372,3144566222014,9,-11.7631,-128.794,4,8.683e+08,8,1,0,
290,1,3143845410692,3144832552111,11,-12.117,-129.148,4,8.683e+08,8,1,0,
290,4,3143845410692,3144832565779,11,-17.4537,-134.485,4,8.683e+08,8,1,0,
199,1,3149281915950,3149353855011,7,15.1724,-101.858,4,8.683e+08,8,1,0,
202,1,3149226868385,3151037308135,12,-5.86204,-122.893,2,8.683e+08,8,1,0,
243,3,3149723563227,3151534007366,12,-14.3887,-131.42,4,8.683e+08,8,1,0,
243,4,3149723563227,3151534002154,12,-3.76122,-120.792,4,8.683e+08,8,1,0,
370,1,3152618768277,3152690705301,7,26.7376,-90.2933,4,8.683e+08,8,1,0,
13,1,3151359725390,3153170164327,12,-3.31076,-120.342,4,8.683e+08,8,1,0,
238,1,3166257372206,3168067812089,12,-5.34564,-122.377,4,8.683e+08,8,1,0,
238,2,3166257372206,3168067812363,12,-4.20442,-121.235,4,8.683e+08,8,1,0,
238,3,3166257372206,3168067813678,12,-5.57523,-122.606,4,8.683e+08,8,1,0,
66,4,3157981585455,3159792028599,12,-11.0317,-128.063,2,8.683e+08,8,1,0,
168,1,3154047665075,3155858104430,12,-10.3754,-127.406,4,8.683e+08,8,1,0,
168,4,3154047665075,3155858105308,12,-12.5775,-129.608,4,8.683e+08,8,1,0,
147,1,3158199045142,3158270983753,7,21.104,-95.9269,4,8.683e+08,8,1,0,
147,3,3158199045142,3158270993386,7,-7.33434,-124.365,4,8.683e+08,8,1,0,
207,1,3160213148343,3160285087880,7,-6.18202,-123.213,2,8.683e+08,8,1,0,
140,1,3160406227839,3160653016354,9,10.124,-106.907,4,8.683e+08,8,1,0,
140,4,3160406227839,3160653023052,9,-13.4153,-130.446,4,8.683e+08,8,1,0,
374,1,3162589195217,3164399634363,12,-7.65275,-124.684,4,8.683e+08,8,1,0,
374,2,3162589195217,3164399636470,12,-8.93248,-125.963,4,8.683e+08,8,1,0,
169,1,3160063948616,3161874387366,12,-0.946191,-117.977,2,8.683e+08,8,1,0,
169,2,3160063948616,3161874401743,12,-21.0197,-138.051,2,8.683e+08,8,1,0,
169,3,3160063948616,3161874397741,12,-18.3346,-135.365,2,8.683e+08,8,1,0,
169,4,3160063948616,3161874391000,12,-15.5361,-132.567,2,8.683e+08,8,1,0,
102,3,3162318749829,3163305894600,11,-10.3726,-127.404,2,8.683e+08,8,1,0,
102,4,3162318749829,3163305898151,11,-15.5293,-132.56,2,8.683e+08,8,1,0,
9,1,3163485883634,3163557820969,7,27.9151,-89.1158,4,8.683e+08,8,1,0,
245,4,3162108476869,3163918922573,12,-13.7661,-130.797,4,8.683e+08,8,1,0,
36,1,3167571303988,3168558445913,11,-4.91762,-121.949,4,8.683e+08,8,1,0,
36,3,3167571303988,3168558459593,11,-19.3446,-136.376,4,8.683e+08,8,1,0,
376,1,3166776765410,3166848702820,7,27.8639,-89.167,4,8.683e+08,8,1,0,
136,1,3165011561746,3165464175044,10,1.95617,-115.075,2,8.683e+08,8,1,0,
209,1,3169056836554,3169509449413,10,7.19264,-109.838,2,8.683e+08,8,1,0,
209,4,3169056836554,3169509462437,10,-16.7588,-133.79,2,8.683e+08,8,1,0,
34,4,3167896932811,3169707372547,12,-3.58227,-120.613,4,8.683e+08,8,1,0,
57,1,3172926437475,3173379050403,10,3.98012,-113.051,2,8.683e+08,8,1,0,
57,3,3172926437475,3173379055409,10,-7.63567,-124.667,2,8.683e+08,8,1,0,
170,2,3176658212912,3178468657932,12,-17.3982,-134.429,2,8.683e+08,8,1,0,
170,3,3176658212912,3178468664846,12,-19.6027,-136.634,2,8.683e+08,8,1,0,
346,1,3177689287551,3179499726175,12,1.79006,-115.241,4,8.683e+08,8,1,0,
346,4,3177689287551,3179499730449,12,-14.8792,-131.91,4,8.683e+08,8,1,0,
29,1,3171067256243,3171314044712,9,4.61174,-112.419,4,8.683e+08,8,1,0,
63,1,3169356017119,3171166456357,12,-8.61919,-125.65,4,8.683e+08,8,1,0,
63,2,3169356017119,3171166468716,12,-21.9029,-138.934,4,8.683e+08,8,1,0,
192,1,3169930573810,3170917715651,11,4.46542,-112.565,2,8.683e+08,8,1,0,
117,1,3176973904402,3177045843213,7,17.8127,-99.2182,2,8.683e+08,8,1,0,
180,1,3172559179173,3172805967409,9,2.02896,-115.002,2,8.683e+08,8,1,0,
264,1,3178317023816,3178563812299,9,5.39528,-111.636,4,8.683e+08,8,1,0,
264,2,3178317023816,3178563821537,9,-13.6299,-130.661,4,8.683e+08,8,1,0,
189,1,3174011239529,3174998381284,11,-2.3694,-119.4,2,8.683e+08,8,1,0,
189,3,3174011239529,3174998395307,11,-18.6298,-135.661,2,8.683e+08,8,1,0,
159,1,3175474375733,3175546313098,7,29.635,-87.3959,4,8.683e+08,8,1,0,
227,1,3182853170138,3183305783446,10,0.849881,-116.181,4,8.683e+08,8,1,0,
227,2,3182853170138,3183305787729,10,-8.87125,-125.902,4,8.683e+08,8,1,0,
227,3,3182853170138,3183305789819,10,-12.4197,-129.451,4,8.683e+08,8,1,0,
82,1,3181726045506,3183536485320,12,-17.4954,-134.526,4,8.683e+08,8,1,0,
82,2,3181726045506,3183536495029,12,-20.0098,-137.041,4,8.683e+08,8,1,0,
82,3,3181726045506,3183536487248,12,-10.3095,-127.34,4,8.683e+08,8,1,0,
82,4,3181726045506,3183536485522,12,-8.232,-125.263,4,8.683e+08,8,1,0,
171,1,3189938928165,3190010867747,7,8.06739,-108.964,4,8.683e+08,8,1,0,
306,1,3179044831293,3179178467204,8,12.5578,-104.473,2,8.683e+08,8,1,0,
16,1,3179196257338,3181006697567,12,-4.56971,-121.601,4,8.683e+08,8,1,0,
16,2,3179196257338,3181006695786,12,-14.5281,-131.559,4,8.683e+08,8,1,0,
16,3,3179196257338,3181006702203,12,-19.628,-136.659,4,8.683e+08,8,1,0,
10,1,3185413654848,3186400796611,11,1.37205,-115.659,4,8.683e+08,8,1,0,
10,3,3185413654848,3186400799985,11,-1.47165,-118.503,4,8.683e+08,8,1,0,
10,4,3185413654848,3186400802428,11,-10.8734,-127.904,4,8.683e+08,8,1,0,
131,1,3185774238473,3187584677339,12,-8.04589,-125.077,4,8.683e+08,8,1,0,
131,3,3185774238473,3187584679798,12,-17.5849,-134.616,4,8.683e+08,8,1,0,
94,1,3180464073647,3180536012976,7,14.9108,-102.12,2,8.683e+08,8,1,0,
186,1,3190481978455,3190553917433,7,15.8444,-101.187,2,8.683e+08,8,1,0,
380,1,3193576019859,3193709655953,8,3.06085,-113.97,4,8.683e+08,8,1,0,
380,3,3193576019859,3193709664296,8,-8.53719,-125.568,4,8.683e+08,8,1,0,
380,4,3193576019859,3193709662527,8,-11.5158,-128.547,4,8.683e+08,8,1,0,
103,1,3186381774686,3187368916638,11,-4.56978,-121.601,4,8.683e+08,8,1,0,
103,3,3186381774686,3187368927002,11,-17.3051,-134.336,4,8.683e+08,8,1,0,
103,4,3186381774686,3187368921068,11,-12.0362,-129.067,4,8.683e+08,8,1,0,
373,2,3185288193929,3187098633832,12,-4.46321,-121.494,4,8.683e+08,8,1,0,
233,1,3199784708823,3201595147534,12,-3.62591,-120.657,2,8.683e+08,8,1,0,
233,2,3199784708823,3201595149535,12,-2.71472,-119.746,2,8.683e+08,8,1,0,
233,4,3199784708823,3201595161130,12,-20.6836,-137.715,2,8.683e+08,8,1,0,
119,2,3188748895754,3190559340376,12,-14.0147,-131.046,2,8.683e+08,8,1,0,
327,1,3192781881685,3193028670076,9,5.5293,-111.502,2,8.683e+08,8,1,0,
214,1,3200011906019,3200145541762,8,3.93774,-113.093,4,8.683e+08,8,1,0,
359,1,3191490162283,3191942775320,10,2.00837,-115.023,4,8.683e+08,8,1,0,
359,3,3191490162283,3191942780600,10,-5.07202,-122.103,4,8.683e+08,8,1,0,
11,1,3192091167987,3192163105299,7,23.1946,-93.8363,2,8.683e+08,8,1,0,
160,1,3200625775850,3200872564038,9,8.16789,-108.863,2,8.683e+08,8,1,0,
47,1,3200804765450,3200876703336,7,24.3573,-92.6736,4,8.683e+08,8,1,0,
31,1,3197203007587,3197655620585,10,7.35697,-109.674,2,8.683e+08,8,1,0,
282,1,3195842894114,3197653332696,12,3.4385,-113.592,4,8.683e+08,8,1,0,
282,3,3195842894114,3197653341848,12,-19.7016,-136.732,4,8.683e+08,8,1,0,
266,1,3198139554889,3199949994884,12,-8.66369,-125.695,4,8.683e+08,8,1,0,
351,2,3204646191775,3206456645357,12,-22.3275,-139.358,2,8.683e+08,8,1,0,
383,1,3202829979618,3203817121569,11,0.590222,-116.441,4,8.683e+08,8,1,0,
383,2,3202829979618,3203817125035,11,-17.755,-134.786,4,8.683e+08,8,1,0,
383,3,3202829979618,3203817126265,11,-5.64992,-122.681,4,8.683e+08,8,1,0,
383,4,3202829979618,3203817132215,11,-16.4866,-133.517,4,8.683e+08,8,1,0,
128,1,3203254991248,3205065430431,12,-1.73345,-118.764,2,8.683e+08,8,1,0,
239,3,3202373946228,3204184390201,12,-10.9097,-127.941,2,8.683e+08,8,1,0,
239,4,3202373946228,3204184385274,12,-13.8258,-130.857,2,8.683e+08,8,1,0,
315,1,3209791169818,3211601609015,12,-2.26559,-119.296,4,8.683e+08,8,1,0,
387,1,3211292966043,3211539754444,9,-0.666726,-117.698,2,8.683e+08,8,1,0,
130,3,3209401117767,3211211559787,12,-15.2289,-132.26,4,8.683e+08,8,1,0,
130,4,3209401117767,3211211559499,12,-12.8732,-129.904,4,8.683e+08,8,1,0,
228,1,3212732625038,3214543064897,12,-8.48825,-125.519,4,8.683e+08,8,1,0,
228,2,3212732625038,3214543079546,12,-22.0372,-139.068,4,8.683e+08,8,1,0,
228,4,3212732625038,3214543070548,12,-16.3226,-133.354,4,8.683e+08,8,1,0,
111,1,3207753431996,3209563870237,12,4.02071,-113.01,4,8.683e+08,8,1,0,
242,1,3220830190725,3221076979182,9,7.43934,-109.592,2,8.683e+08,8,1,0,
242,2,3220830190725,3221076986806,9,-9.77145,-126.802,2,8.683e+08,8,1,0,
242,3,3220830190725,3221076985106,9,-10.0888,-127.12,2,8.683e+08,8,1,0,
242,4,3220830190725,3221076988762,9,-13.8609,-130.892,2,8.683e+08,8,1,0,
109,2,3210175108611,3211985547985,12,-2.92309,-119.954,4,8.683e+08,8,1,0,
86,1,3213222888529,3213294827721,7,12.2419,-104.789,4,8.683e+08,8,1,0,
37,1,3210547174270,3210999787332,10,0.935962,-116.095,4,8.683e+08,8,1,0,
37,2,3210547174270,3210999796454,10,-16.9667,-133.998,4,8.683e+08,8,1,0,
37,3,3210547174270,3210999792124,10,-11.9494,-128.98,4,8.683e+08,8,1,0,
400,1,3214144006926,3214215946100,7,14.5412,-102.49,4,8.683e+08,8,1,0,
191,3,3214301110789,3216111562971,12,-18.859,-135.89,2,8.683e+08,8,1,0,
191,4,3214301110789,3216111557594,12,-20.8501,-137.881,2,8.683e+08,8,1,0,
203,1,3218112895518,3218565508277,10,2.81356,-114.217,4,8.683e+08,8,1,0,
203,2,3218112895518,3218565514211,10,-11.8644,-128.895,4,8.683e+08,8,1,0,
272,1,3214754029212,3214825965756,7,44.3792,-72.6517,2,8.683e+08,8,1,0,
263,1,3214897226994,3214969165893,7,8.91833,-108.113,4,8.683e+08,8,1,0,
92,1,3230035181057,3230487794183,10,1.2096,-115.821,2,8.683e+08,8,1,0,
92,2,3230035181057,3230487802014,10,-10.4567,-127.488,2,8.683e+08,8,1,0,
92,3,3230035181057,3230487798606,10,-14.7171,-131.748,2,8.683e+08,8,1,0,
92,4,3230035181057,3230487801900,10,-14.5737,-131.605,2,8.683e+08,8,1,0,
237,1,3226069545900,3227879985049,12,-8.77813,-125.809,2,8.683e+08,8,1,0,
237,2,3226069545900,3227879999141,12,-18.4544,-135.485,2,8.683e+08,8,1,0,
73,1,3220555545165,3221008158096,10,2.54537,-114.486,4,8.683e+08,8,1,0,
60,1,3224843128987,3225295741931,10,4.76281,-112.268,2,8.683e+08,8,1,0,
165,1,3222754892207,3223001680802,9,1.05493,-115.976,4,8.683e+08,8,1,0,
165,4,3222754892207,3223001688588,9,-11.925,-128.956,4,8.683e+08,8,1,0,
177,1,3229616281679,3229688219929,7,14.3384,-102.692,2,8.683e+08,8,1,0,
53,1,3233944940935,3234191729512,9,6.27139,-110.76,2,8.683e+08,8,1,0,
53,2,3233944940935,3234191736685,9,-11.4101,-128.441,2,8.683e+08,8,1,0,
53,3,3233944940935,3234191735319,9,-13.8669,-130.898,2,8.683e+08,8,1,0,
125,4,3228954341044,3230764784603,12,-14.5768,-131.608,4,8.683e+08,8,1,0,
6,2,3230280407643,3232090853692,12,-18.093,-135.124,2,8.683e+08,8,1,0,
6,3,3230280407643,3232090847803,12,-8.73303,-125.764,2,8.683e+08,8,1,0,
6,4,3230280407643,3232090851052,12,-12.2592,-129.29,2,8.683e+08,8,1,0,
106,1,3230487610395,3230621246206,8,8.29293,-108.738,4,8.683e+08,8,1,0,
350,1,3232953846551,3233025786091,7,8.75314,-108.278,2,8.683e+08,8,1,0,
231,1,3236710347514,3237162960631,10,-6.33193,-123.363,2,8.683e+08,8,1,0,
231,4,3236710347514,3237162975029,10,-16.8487,-133.88,2,8.683e+08,8,1,0,
121,3,3244589558159,3246399999190,12,-19.1848,-136.216,4,8.681e+08,9,1,0,
121,4,3244589558159,3246399998783,12,-12.1696,-129.201,4,8.681e+08,9,1,0,
256,1,3231595228326,3231667166599,7,23.2341,-93.7968,2,8.683e+08,8,1,0,
390,1,3231323003628,3231775616710,10,3.85905,-113.172,2,8.683e+08,8,1,0,
339,1,3230535553459,3232345992814,12,1.02202,-116.009,2,8.683e+08,8,1,0,
295,1,3233317311287,3233389250004,7,12.6226,-104.408,2,8.683e+08,8,1,0,
271,1,3236112256029,3237922694542,12,-0.856581,-117.887,2,8.683e+08,8,1,0,
271,2,3236112256029,3237922709206,12,-18.8495,-135.88,2,8.683e+08,8,1,0,
271,3,3236112256029,3237922706505,12,-15.8821,-132.913,2,8.683e+08,8,1,0,
271,4,3236112256029,3237922700305,12,-17.9394,-134.97,2,8.683e+08,8,1,0,
217,1,3235049489413,3236036631173,11,4.19851,-112.832,2,8.683e+08,8,1,0,
41,1,3235108824070,3235180762795,7,16.7125,-100.318,2,8.683e+08,8,1,0,
372,4,3244669418673,3245656569280,11,-13.3548,-130.386,4,8.681e+08,9,1,0,
178,1,3242988474011,3243122109720,8,-1.06379,-118.095,4,8.681e+08,9,1,0,
247,1,3239552976151,3241363415746,12,-6.71466,-123.746,4,8.683e+08,8,1,0,
247,2,3239552976151,3241363422308,12,-18.0268,-135.058,4,8.683e+08,8,1,0,
361,1,3244645828643,3244717765766,7,35.0218,-82.0091,4,8.681e+08,9,1,0,
26,1,3238233729823,3238305668715,7,14.6716,-102.359,2,8.683e+08,8,1,0,
101,1,3238634541136,3239621682641,11,-0.109753,-117.141,2,8.683e+08,8,1,0,
101,2,3238634541136,3239621687274,11,-9.51065,-126.542,2,8.683e+08,8,1,0,
101,3,3238634541136,3239621687571,11,-17.2036,-134.234,2,8.683e+08,8,1,0,
101,4,3238634541136,3239621693003,11,-18.878,-135.909,2,8.683e+08,8,1,0,
273,1,3245164001694,3245235938685,7,36.831,-80.1999,4,8.681e+08,9,1,0,
30,1,3242435540954,3244245981141,12,-13.5034,-130.534,4,8.681e+08,9,1,0,
30,2,3242435540954,3244245984484,12,-10.6013,-127.632,4,8.681e+08,9,1,0,
78,1,3241251736633,3241385372404,8,-8.23259,-125.263,4,8.681e+08,9,1,0,
303,1,3256401930286,3256473868154,7,17.6659,-99.365,4,8.681e+08,9,1,0,
319,1,3245956363491,3247766802779,12,-5.42156,-122.452,4,8.681e+08,9,1,0,
319,3,3245956363491,3247766813668,12,-21.7249,-138.756,4,8.681e+08,9,1,0,
319,4,3245956363491,3247766806542,12,-15.4338,-132.465,4,8.681e+08,9,1,0,
229,1,3255298999851,3255370938701,7,4.17348,-112.857,4,8.681e+08,9,1,0,
347,1,3249789850813,3251600289320,12,1.03508,-115.996,4,8.681e+08,9,1,0,
347,2,3249789850813,3251600303947,12,-20.1628,-137.194,4,8.681e+08,9,1,0,
347,4,3249789850813,3251600294614,12,-17.8005,-134.831,4,8.681e+08,9,1,0,
56,1,3251537193227,3251609130149,7,39.8801,-77.1508,4,8.681e+08,9,1,0,
213,1,3252950197769,3254760638127,12,-18.9453,-135.976,4,8.681e+08,9,1,0,
213,4,3252950197769,3254760647658,12,-22.2574,-139.288,4,8.681e+08,9,1,0,
59,1,3254951425528,3255404038530,10,0.319914,-116.711,4,8.681e+08,9,1,0,
59,3,3254951425528,3255404043764,10,-6.40828,-123.439,4,8.681e+08,9,1,0,
59,4,3254951425528,3255404044656,10,-9.70592,-126.737,4,8.681e+08,9,1,0,
249,1,3255282252305,3255415888311,8,3.06533,-113.966,4,8.681e+08,9,1,0,
216,1,3255481935483,3255934548467,10,2.05905,-114.972,4,8.681e+08,9,1,0,
79,1,3256642414225,3256714352836,7,10.94,-106.091,4,8.681e+08,9,1,0,
368,1,3258279983542,3258351920139,7,44.6639,-72.367,4,8.681e+08,9,1,0,
76,2,3258552874014,3260363316241,12,-7.36127,-124.392,4,8.681e+08,9,1,0,
280,1,3259385699032,3259457636677,7,25.6417,-91.3892,4,8.681e+08,9,1,0,
313,4,3263464891967,3265275337682,12,-14.5928,-131.624,4,8.681e+08,9,1,0,
308,1,3260690664021,3260762601815,7,18.7642,-98.2667,4,8.681e+08,9,1,0,
308,2,3260690664021,3260762612997,7,-9.27117,-126.302,4,8.681e+08,9,1,0,
19,1,3264994361130,3265241149552,9,4.47154,-112.559,4,8.681e+08,9,1,0,
19,3,3264994361130,3265241156935,9,-13.0153,-130.046,4,8.681e+08,9,1,0,
377,1,3266870808245,3267117596505,9,6.25057,-110.78,4,8.681e+08,9,1,0,
377,2,3266870808245,3267117603352,9,-10.4413,-127.472,4,8.681e+08,9,1,0,
226,1,3280564648331,3281017261166,10,2.56783,-114.463,4,8.681e+08,9,1,0,
226,3,3280564648331,3281017266432,10,-3.28714,-120.318,4,8.681e+08,9,1,0,
226,4,3280564648331,3281017268051,10,-13.5636,-130.595,4,8.681e+08,9,1,0,
18,1,3262158425862,3262405214472,9,-6.13616,-123.167,4,8.681e+08,9,1,0,
18,4,3262158425862,3262405219950,9,-10.1707,-127.202,4,8.681e+08,9,1,0,
215,1,3262803900080,3264614338677,12,-3.76983,-120.801,4,8.681e+08,9,1,0,
215,2,3262803900080,3264614340182,12,-9.33352,-126.364,4,8.681e+08,9,1,0,
215,3,3262803900080,3264614344392,12,-7.70238,-124.733,4,8.681e+08,9,1,0,
356,1,3265264668720,3265717281780,10,-12.7475,-129.778,4,8.681e+08,9,1,0,
276,1,3265959244547,3267769683396,12,-1.24991,-118.281,4,8.681e+08,9,1,0,
276,2,3265959244547,3267769685695,12,-16.9061,-133.937,4,8.681e+08,9,1,0,
276,3,3265959244547,3267769692451,12,-15.3609,-132.392,4,8.681e+08,9,1,0,
90,1,3268145334268,3269132475882,11,1.7129,-115.318,4,8.681e+08,9,1,0,
90,3,3268145334268,3269132480155,11,-7.01537,-124.046,4,8.681e+08,9,1,0,
90,4,3268145334268,3269132480833,11,-18.3979,-135.429,4,8.681e+08,9,1,0,
104,1,3270877288418,3272687727934,12,-21.1182,-138.149,4,8.681e+08,9,1,0,
104,4,3270877288418,3272687742590,12,-21.0261,-138.057,4,8.681e+08,9,1,0,
328,3,3270386488400,3271373633507,11,-3.24761,-120.279,4,8.681e+08,9,1,0,
328,4,3270386488400,3271373635650,11,-9.84001,-126.871,4,8.681e+08,9,1,0,
206,1,3267544152543,3269354590802,12,0.92755,-116.103,4,8.681e+08,9,1,0,
52,4,3268559321011,3270369765256,12,-11.2661,-128.297,4,8.681e+08,9,1,0,
379,1,3269817693513,3269951329444,8,3.76434,-113.267,4,8.681e+08,9,1,0,
14,1,3280910166155,3281897307961,11,-1.40913,-118.44,4,8.681e+08,9,1,0,
152,1,3271230959486,3272218101183,11,2.55659,-114.474,4,8.681e+08,9,1,0,
152,2,3271230959486,3272218110554,11,-16.6847,-133.716,4,8.681e+08,9,1,0,
38,1,3277724687906,3279535125971,12,-2.66311,-119.694,4,8.681e+08,9,1,0,
43,1,3272880000695,3274690440408,12,-12.308,-129.339,4,8.681e+08,9,1,0,
43,2,3272880000695,3274690439658,12,-8.49235,-125.523,4,8.681e+08,9,1,0,
43,4,3272880000695,3274690452426,12,-20.4726,-137.503,4,8.681e+08,9,1,0,
329,1,3271974890058,3272108525808,8,11.4689,-105.562,4,8.681e+08,9,1,0,
335,1,3290440732839,3292251171601,12,-7.11203,-124.143,4,8.681e+08,9,1,0,
335,3,3290440732839,3292251185901,12,-17.043,-134.074,4,8.681e+08,9,1,0,
355,1,3276407459605,3276479397005,7,23.9353,-93.0956,4,8.681e+08,9,1,0,
71,2,3276304562937,3278115010772,12,-19.2132,-136.244,4,8.681e+08,9,1,0,
71,3,3276304562937,3278115002589,12,-0.318923,-117.35,4,8.681e+08,9,1,0,
71,4,3276304562937,3278115004530,12,-8.32405,-125.355,4,8.681e+08,9,1,0,
325,1,3292252000931,3293239142768,11,4.36203,-112.669,4,8.681e+08,9,1,0,
87,1,3280532990301,3282343430141,12,-7.26097,-124.292,4,8.681e+08,9,1,0,
87,2,3280532990301,3282343441327,12,-17.7966,-134.827,4,8.681e+08,9,1,0,
87,3,3280532990301,3282343433889,12,-11.4396,-128.471,4,8.681e+08,9,1,0,
87,4,3280532990301,3282343429309,12,-6.71854,-123.749,4,8.681e+08,9,1,0,
193,1,3279405729965,3281216168972,12,-6.16267,-123.194,4,8.681e+08,9,1,0,
93,2,3295387152555,3297197595874,12,-12.7329,-129.764,4,8.681e+08,9,1,0,
93,3,3295387152555,3297197592252,12,-8.80945,-125.84,4,8.681e+08,9,1,0,
93,4,3295387152555,3297197598658,12,-12.7396,-129.77,4,8.681e+08,9,1,0,
393,1,3282390387025,3284200827174,12,-4.24762,-121.279,4,8.681e+08,9,1,0,
393,2,3282390387025,3284200827325,12,-9.16819,-126.199,4,8.681e+08,9,1,0,
393,3,3282390387025,3284200828019,12,-16.598,-133.629,4,8.681e+08,9,1,0,
393,4,3282390387025,3284200836164,12,-22.4579,-139.489,4,8.681e+08,9,1,0,
155,1,3290756010096,3291002798581,9,6.56652,-110.464,4,8.681e+08,9,1,0,
72,1,3294241684797,3294488473377,9,3.85984,-113.171,4,8.681e+08,9,1,0,
72,2,3294241684797,3294488480760,9,-10.6446,-127.676,4,8.681e+08,9,1,0,
72,3,3294241684797,3294488479085,9,-7.12667,-124.158,4,8.681e+08,9,1,0,
70,1,3283131060137,3283377848749,9,6.73555,-110.295,4,8.681e+08,9,1,0,
70,3,3283131060137,3283377856082,9,-6.75553,-123.786,4,8.681e+08,9,1,0,
198,1,3284888319517,3286698758338,12,-3.47998,-120.511,4,8.681e+08,9,1,0,
338,1,3287585391201,3289395830902,12,-5.69886,-122.73,4,8.681e+08,9,1,0,
338,2,3287585391201,3289395839297,12,-20.2339,-137.265,4,8.681e+08,9,1,0,
166,1,3298350245826,3299337387520,11,-8.27568,-125.307,4,8.681e+08,9,1,0,
307,1,3297851656674,3299662095265,12,-16.9421,-133.973,4,8.681e+08,9,1,0,
307,3,3297851656674,3299662097504,12,-3.29357,-120.324,4,8.681e+08,9,1,0,
307,4,3297851656674,3299662099108,12,-16.9477,-133.979,4,8.681e+08,9,1,0,
137,1,3293763136273,3295573575425,12,-1.43115,-118.462,4,8.681e+08,9,1,0,
137,2,3293763136273,3295573585347,12,-20.655,-137.686,4,8.681e+08,9,1,0,
137,3,3293763136273,3295573578199,12,-8.29673,-125.328,4,8.681e+08,9,1,0,
137,4,3293763136273,3295573576846,12,-9.08147,-126.112,4,8.681e+08,9,1,0,
77,1,3302452458150,3304262898411,12,-10.0737,-127.105,4,8.681e+08,9,1,0,
77,2,3302452458150,3304262913037,12,-20.7776,-137.808,4,8.681e+08,9,1,0,
77,3,3302452458150,3304262910936,12,-19.2915,-136.322,4,8.681e+08,9,1,0,
77,4,3302452458150,3304262904000,12,-16.2817,-133.313,4,8.681e+08,9,1,0,
324,1,3300630364663,3302440803936,12,-6.33751,-123.368,4,8.681e+08,9,1,0,
392,1,3313133888024,3314944326180,12,-1.67094,-118.702,4,8.681e+08,9,1,0,
392,2,3313133888024,3314944330317,12,-15.5208,-132.552,4,8.681e+08,9,1,0,
392,3,3313133888024,3314944336463,12,-13.9127,-130.944,4,8.681e+08,9,1,0,
156,1,3302982031428,3303969172928,11,4.41987,-112.611,4,8.681e+08,9,1,0,
156,2,3302982031428,3303969187481,11,-17.8431,-134.874,4,8.681e+08,9,1,0,
156,4,3302982031428,3303969181625,11,-9.78791,-126.819,4,8.681e+08,9,1,0,
172,1,3310716233884,3312526672810,12,-8.59554,-125.626,4,8.681e+08,9,1,0,
172,2,3310716233884,3312526677666,12,-18.7198,-135.751,4,8.681e+08,9,1,0,
310,1,3326211855340,3328022295441,12,-2.92168,-119.953,4,8.681e+08,9,1,0,
310,2,3326211855340,3328022307426,12,-18.5817,-135.613,4,8.681e+08,9,1,0,
310,4,3326211855340,3328022307246,12,-22.432,-139.463,4,8.681e+08,9,1,0,
174,1,3305204049256,3307014488146,12,2.13688,-114.894,4,8.681e+08,9,1,0,
174,3,3305204049256,3307014498548,12,-18.1052,-135.136,4,8.681e+08,9,1,0,
174,4,3305204049256,3307014491679,12,-13.7244,-130.755,4,8.681e+08,9,1,0,
279,1,3309239840946,3309311778716,7,22.9001,-94.1308,4,8.681e+08,9,1,0,
84,1,3310326316196,3310459952174,8,4.22846,-112.802,4,8.681e+08,9,1,0,
107,1,3306728421552,3308538860513,12,-0.925117,-117.956,4,8.681e+08,9,1,0,
107,2,3306728421552,3308538861293,12,-7.978,-125.009,4,8.681e+08,9,1,0,
107,3,3306728421552,3308538866711,12,-16.1894,-133.22,4,8.681e+08,9,1,0,
175,1,3307846397420,3309656835655,12,-0.759587,-117.79,4,8.681e+08,9,1,0,
175,4,3307846397420,3309656844983,12,-12.2128,-129.244,4,8.681e+08,9,1,0,
234,2,3309093460555,3310903910031,12,-20.9065,-137.937,4,8.681e+08,9,1,0,
234,3,3309093460555,3310903903044,12,-5.47057,-122.501,4,8.681e+08,9,1,0,
234,4,3309093460555,3310903900881,12,-10.2068,-127.238,4,8.681e+08,9,1,0,
252,1,3321185197590,3321318833500,8,10.9048,-106.126,4,8.681e+08,9,1,0,
212,1,3314881338229,3316691776497,12,-3.91285,-120.944,4,8.681e+08,9,1,0,
212,3,3314881338229,3316691782935,12,-17.7812,-134.812,4,8.681e+08,9,1,0,
158,1,3316526807155,3318337245892,12,-6.99709,-124.028,4,8.681e+08,9,1,0,
114,1,3319234727202,3319481515418,9,-10.9825,-128.013,4,8.681e+08,9,1,0,
114,4,3319234727202,3319481523278,9,-10.3459,-127.377,4,8.681e+08,9,1,0,
135,3,3316190228883,3318000675369,12,-15.4949,-132.526,4,8.681e+08,9,1,0,
135,4,3316190228883,3318000668291,12,-4.78303,-121.814,4,8.681e+08,9,1,0,
98,1,3315078941438,3315531554670,10,2.25619,-114.775,4,8.681e+08,9,1,0,
15,1,3319684044005,3321494482247,12,-14.8526,-131.884,4,8.681e+08,9,1,0,
224,1,3316719001354,3316965789913,9,-9.78937,-126.82,4,8.681e+08,9,1,0,
224,3,3316719001354,3316965795786,9,-6.13545,-123.166,4,8.681e+08,9,1,0,
224,4,3316719001354,3316965797051,9,-13.3995,-130.43,4,8.681e+08,9,1,0,
113,1,3321012807901,3321999949354,11,5.7353,-111.296,4,8.681e+08,9,1,0,
113,3,3321012807901,3321999954104,11,-11.608,-128.639,4,8.681e+08,9,1,0,
113,4,3321012807901,3321999959399,11,-19.4636,-136.495,4,8.681e+08,9,1,0,
118,1,3319701606859,3320154219986,10,-4.29472,-121.326,4,8.681e+08,9,1,0,
148,1,3323814216180,3323886153108,7,39.9984,-77.0325,4,8.681e+08,9,1,0,
291,1,3329351971900,3330339113215,11,3.26819,-113.763,4,8.681e+08,9,1,0,
291,3,3329351971900,3330339123069,11,-14.3683,-131.399,4,8.681e+08,9,1,0,
291,4,3329351971900,3330339118013,11,-16.5082,-133.539,4,8.681e+08,9,1,0,
287,1,3338096436980,3338168375733,7,15.6273,-101.404,4,8.681e+08,9,1,0,
267,3,3322747132632,3324557585898,12,-15.1604,-132.191,4,8.681e+08,9,1,0,
297,2,3322458189472,3322704983689,9,-11.682,-128.713,4,8.681e+08,9,1,0,
403,1,3331878030959,3331949968096,7,20.9011,-96.1298,4,8.681e+08,9,1,0,
235,1,3329191136163,3329263074271,7,10.8995,-106.131,4,8.681e+08,9,1,0,
298,1,3328584602341,3330395040529,12,-6.74013,-123.771,4,8.681e+08,9,1,0,
298,2,3328584602341,3330395043733,12,-11.7603,-128.791,4,8.681e+08,9,1,0,
164,1,3332178360264,3333165502256,11,-10.9574,-127.988,4,8.681e+08,9,1,0,
164,3,3332178360264,3333165513066,11,-18.6688,-135.7,4,8.681e+08,9,1,0,
164,4,3332178360264,3333165507075,11,-9.84725,-126.878,4,8.681e+08,9,1,0,
5,1,3333249952354,3333496740524,9,3.31346,-113.717,4,8.681e+08,9,1,0,
304,1,3334986418830,3336796858994,12,-1.7726,-118.803,4,8.681e+08,9,1,0,
304,3,3334986418830,3336796860072,12,-9.893,-126.924,4,8.681e+08,9,1,0,
304,4,3334986418830,3336796858897,12,-6.83182,-123.863,4,8.681e+08,9,1,0,
12,1,3331423327107,3333233767038,12,-8.11237,-125.143,4,8.681e+08,9,1,0,
12,2,3331423327107,3333233780390,12,-18.8516,-135.883,4,8.681e+08,9,1,0,
181,1,3334513897649,3334966510389,10,-0.9483,-117.979,4,8.681e+08,9,1,0,
181,2,3334513897649,3334966521382,10,-14.6644,-131.695,4,8.681e+08,9,1,0,
181,3,3334513897649,3334966516716,10,-8.34322,-125.374,4,8.681e+08,9,1,0,
181,4,3334513897649,3334966516268,10,-11.1642,-128.195,4,8.681e+08,9,1,0,
296,2,3338732263710,3340542706480,12,-16.0026,-133.033,4,8.681e+08,9,1,0,
296,3,3338732263710,3340542703643,12,-5.35589,-122.387,4,8.681e+08,9,1,0,
296,4,3338732263710,3340542710367,12,-15.2643,-132.295,4,8.681e+08,9,1,0,
221,1,3336796485459,3337249098286,10,5.62089,-111.41,4,8.681e+08,9,1,0,
221,4,3336796485459,3337249108284,10,-11.9792,-129.01,4,8.681e+08,9,1,0,
28,1,3335627199097,3335760834964,8,15.0521,-101.979,4,8.681e+08,9,1,0,
185,1,3340151993556,3341962432782,12,2.22424,-114.807,4,8.681e+08,9,1,0,
333,1,3342308560787,3342761173697,10,-6.84358,-123.874,4,8.681e+08,9,1,0,
333,2,3342308560787,3342761181386,10,-12.0192,-129.05,4,8.681e+08,9,1,0,
333,3,3342308560787,3342761186179,10,-16.1379,-133.169,4,8.681e+08,9,1,0,
300,1,3344618876018,3345606017595,11,4.68033,-112.351,4,8.681e+08,9,1,0,
300,4,3344618876018,3345606022335,11,-18.9399,-135.971,4,8.681e+08,9,1,0,
375,2,3340845520807,3342655963863,12,-11.0635,-128.094,4,8.681e+08,9,1,0,
375,3,3340845520807,3342655960023,12,1.16069,-115.87,4,8.681e+08,9,1,0,
62,1,3343534073964,3345344513758,12,-9.68497,-126.716,4,8.681e+08,9,1,0,
62,2,3343534073964,3345344513510,12,-3.38469,-120.416,4,8.681e+08,9,1,0,
62,3,3343534073964,3345344520908,12,-20.9053,-137.936,4,8.681e+08,9,1,0,
62,4,3343534073964,3345344526999,12,-20.9338,-137.965,4,8.681e+08,9,1,0,
25,1,3346571440624,3346705076425,8,7.84133,-109.19,4,8.681e+08,9,1,0,
154,1,3344526413898,3344773202311,9,7.47522,-109.556,4,8.681e+08,9,1,0,
334,1,3342956103490,3343408716635,10,-6.45885,-123.49,4,8.681e+08,9,1,0,
283,1,3357472646524,3357544584728,7,20.2618,-96.7691,4,8.681e+08,9,1,0,
261,1,3363305496380,3363377434406,7,21.1852,-95.8457,4,8.681e+08,9,1,0,
211,1,3353974777327,3354046715038,7,26.1802,-90.8507,4,8.681e+08,9,1,0,
211,3,3353974777327,3354046726349,7,-8.71466,-125.746,4,8.681e+08,9,1,0,
21,1,3347170805151,3348981245588,12,-1.40024,-118.431,4,8.681e+08,9,1,0,
21,3,3347170805151,3348981258656,12,-20.8016,-137.833,4,8.681e+08,9,1,0,
58,1,3348859766350,3349846908347,11,-2.85872,-119.89,4,8.681e+08,9,1,0,
58,4,3348859766350,3349846911136,11,-4.93729,-121.968,4,8.681e+08,9,1,0,
35,1,3349822311886,3349894250696,7,13.4035,-103.627,4,8.681e+08,9,1,0,
127,1,3350145455475,3350279091290,8,-1.43301,-118.464,4,8.681e+08,9,1,0,
127,2,3350145455475,3350279098350,8,-7.20135,-124.232,4,8.681e+08,9,1,0,
314,1,3351152117150,3352139259017,11,3.09066,-113.94,4,8.681e+08,9,1,0,
314,4,3351152117150,3352139268929,11,-16.4413,-133.472,4,8.681e+08,9,1,0,
194,1,3352216373398,3354026813354,12,-3.16541,-120.196,4,8.681e+08,9,1,0,
194,2,3352216373398,3354026820813,12,-15.4637,-132.495,4,8.681e+08,9,1,0,
320,1,3357864158702,3357936097966,7,11.5466,-105.484,4,8.681e+08,9,1,0,
183,1,3357129456774,3358116598674,11,0.0607955,-116.97,4,8.681e+08,9,1,0,
183,2,3357129456774,3358116601770,11,-4.77718,-121.808,4,8.681e+08,9,1,0,
183,3,3357129456774,3358116604340,11,-13.0412,-130.072,4,8.681e+08,9,1,0,
183,4,3357129456774,3358116610181,11,-17.9555,-134.986,4,8.681e+08,9,1,0,
253,1,3359851572581,3361662011271,12,1.15907,-115.872,4,8.681e+08,9,1,0,
253,2,3359851572581,3361662018135,12,-21.4598,-138.491,4,8.681e+08,9,1,0,
253,3,3359851572581,3361662012660,12,-8.03076,-125.062,4,8.681e+08,9,1,0,
8,1,3366502827479,3366955440480,10,-1.7079,-118.739,4,8.681e+08,9,1,0,
281,1,3358513478034,3358585416667,7,4.80079,-112.23,4,8.681e+08,9,1,0,
281,3,3358513478034,3358585426262,7,-9.23774,-126.269,4,8.681e+08,9,1,0,
195,1,3370567068606,3372377507796,12,-6.34142,-123.372,4,8.681e+08,9,1,0,
399,4,3358211519706,3360021959602,12,-2.98129,-120.012,4,8.681e+08,9,1,0,
294,1,3363118745640,3363190684110,7,7.10363,-109.927,4,8.681e+08,9,1,0,
100,1,3367719407558,3367966195773,9,10.779,-106.252,4,8.681e+08,9,1,0,
100,3,3367719407558,3367966202617,9,-6.47223,-123.503,4,8.681e+08,9,1,0,
100,4,3367719407558,3367966202963,9,-8.00169,-125.033,4,8.681e+08,9,1,0,
343,1,3366145211048,3367955649855,12,-5.24273,-122.274,4,8.681e+08,9,1,0,
343,3,3366145211048,3367955658777,12,-18.9424,-135.973,4,8.681e+08,9,1,0,
343,4,3366145211048,3367955652102,12,-13.504,-130.535,4,8.681e+08,9,1,0,
352,4,3360997254496,3362807695851,12,-3.59193,-120.623,4,8.681e+08,9,1,0,
99,1,3372025227552,3373012369195,11,5.55866,-111.472,4,8.681e+08,9,1,0,
99,2,3372025227552,3373012373713,11,-15.1524,-132.183,4,8.681e+08,9,1,0,
116,1,3370904085838,3371891227822,11,-1.67301,-118.704,4,8.681e+08,9,1,0,
116,2,3370904085838,3371891231569,11,-8.60411,-125.635,4,8.681e+08,9,1,0,
116,3,3370904085838,3371891237394,11,-18.7103,-135.741,4,8.681e+08,9,1,0,
312,1,3368076447146,3369886886802,12,-6.4716,-123.503,4,8.681e+08,9,1,0,
312,2,3368076447146,3369886889817,12,-14.6143,-131.645,4,8.681e+08,9,1,0,
96,3,3377289517297,3379099959624,12,-10.2862,-127.317,4,8.681e+08,9,1,0,
305,1,3372287381225,3374097820863,12,-1.20788,-118.239,4,8.681e+08,9,1,0,
305,2,3372287381225,3374097820333,12,-5.14022,-122.171,4,8.681e+08,9,1,0,
27,1,3375745708708,3376198321551,10,7.25718,-109.774,4,8.681e+08,9,1,0,
27,2,3375745708708,3376198327767,10,-8.69093,-125.722,4,8.681e+08,9,1,0,
222,3,3372035290530,3373845731385,12,-8.84166,-125.873,4,8.681e+08,9,1,0,
222,4,3372035290530,3373845730696,12,-1.93697,-118.968,4,8.681e+08,9,1,0,
122,1,3380307584876,3380379524301,7,11.4893,-105.542,4,8.681e+08,9,1,0,
97,2,3376290562951,3378101003493,12,-12.3317,-129.363,4,8.681e+08,9,1,0,
286,4,3377377946967,3379188387425,12,-8.76559,-125.796,4,8.681e+08,9,1,0,
360,1,3378521922578,3380332361574,12,-3.1265,-120.157,4,8.681e+08,9,1,0,
141,1,3379650265520,3379722203786,7,16.8019,-100.229,4,8.681e+08,9,1,0,
201,3,3380123732599,3381934173909,12,-10.0875,-127.118,4,8.681e+08,9,1,0,
201,4,3380123732599,3381934172550,12,-10.808,-127.839,4,8.681e+08,9,1,0,
20,1,3385365118123,3385611906432,9,7.08954,-109.941,4,8.681e+08,9,1,0,
20,3,3385365118123,3385611912639,9,-9.05334,-126.084,4,8.681e+08,9,1,0,
318,1,3381162505011,3382972943451,12,-2.66495,-119.696,4,8.681e+08,9,1,0,
318,2,3381162505011,3382972950348,12,-16.8712,-133.902,4,8.681e+08,9,1,0,
369,1,3384707361483,3384779300065,7,15.5817,-101.449,4,8.681e+08,9,1,0,
197,1,3386720028528,3386791966217,7,20.2579,-96.773,4,8.681e+08,9,1,0,
385,1,3382988967146,3383235755627,9,5.71222,-111.319,4,8.681e+08,9,1,0,
385,2,3382988967146,3383235769889,9,-14.1333,-131.164,4,8.681e+08,9,1,0,
54,1,3383183019949,3383635632728,10,7.43004,-109.601,4,8.681e+08,9,1,0,
54,2,3383183019949,3383635642226,10,-16.5491,-133.58,4,8.681e+08,9,1,0,
54,3,3383183019949,3383635638110,10,-15.3758,-132.407,4,8.681e+08,9,1,0,
54,4,3383183019949,3383635639680,10,-15.8728,-132.904,4,8.681e+08,9,1,0,
23,1,3387095169340,3387167108337,7,14.8733,-102.158,4,8.681e+08,9,1,0,
255,1,3383422483558,3383669271834,9,2.88989,-114.141,4,8.681e+08,9,1,0,
345,2,3389888137127,3391698577721,12,-7.58774,-124.619,4,8.681e+08,9,1,0,
200,2,3386494175119,3388304625657,12,-17.5627,-134.594,4,8.681e+08,9,1,0,
200,4,3386494175119,3388304625595,12,-20.547,-137.578,4,8.681e+08,9,1,0,
274,1,3384581139067,3384714775174,8,-3.2496,-120.28,4,8.681e+08,9,1,0,
341,1,3386346119437,3387333261265,11,-5.94634,-122.977,4,8.681e+08,9,1,0,
341,3,3386346119437,3387333265930,11,-14.6524,-131.683,4,8.681e+08,9,1,0,
341,4,3386346119437,3387333265114,11,-8.0934,-125.124,4,8.681e+08,9,1,0,
301,1,3387271248324,3387343187404,7,18.3325,-98.6984,4,8.681e+08,9,1,0,
236,1,3390677889553,3390749829153,7,10.1461,-106.885,4,8.681e+08,9,1,0,
386,1,3393858085191,3393930023158,7,18.2962,-98.7347,4,8.681e+08,9,1,0,
149,1,3389852192926,3389924131524,7,13.2697,-103.761,4,8.681e+08,9,1,0,
342,1,3391422710534,3391669498676,9,4.06914,-112.962,4,8.681e+08,9,1,0,
161,3,3390367328961,3392177767555,12,-6.10134,-123.132,4,8.681e+08,9,1,0,
161,4,3390367328961,3392177774507,12,-10.8321,-127.863,4,8.681e+08,9,1,0,
299,1,3391093382441,3392080524282,11,-0.106532,-117.137,4,8.681e+08,9,1,0,
299,4,3391093382441,3392080530841,11,-11.6368,-128.668,4,8.681e+08,9,1,0,
45,1,3392396202501,3392848815772,10,2.53464,-114.496,4,8.681e+08,9,1,0,
39,1,3398366950848,3398438889902,7,7.56719,-109.464,4,8.681e+08,9,1,0,
330,1,3397896473846,3399706912799,12,0.516704,-116.514,4,8.681e+08,9,1,0,
330,3,3397896473846,3399706915381,12,-9.21588,-126.247,4,8.681e+08,9,1,0,
134,4,3398044351664,3399854790605,12,-1.67493,-118.706,4,8.681e+08,9,1,0,
133,2,3406073181551,3407883621726,12,-4.98075,-122.012,4,8.681e+08,9,1,0,
388,1,3400742365726,3400876001636,8,-0.00375814,-117.035,4,8.681e+08,9,1,0,
316,3,3406205651837,3408016096572,12,-12.5698,-129.601,4,8.681e+08,9,1,0,
316,4,3406205651837,3408016090438,12,-3.19343,-120.224,4,8.681e+08,9,1,0,
367,1,3407094445591,3408904885380,12,-2.78139,-119.812,4,8.681e+08,9,1,0,
331,1,3408603420246,3408850208466,9,11.1378,-105.893,4,8.681e+08,9,1,0,
270,1,3410271873525,3412082313884,12,-13.5185,-130.549,4,8.681e+08,9,1,0,
270,3,3410271873525,3412082320686,12,-20.9521,-137.983,4,8.681e+08,9,1,0,
270,4,3410271873525,3412082312635,12,-5.84287,-122.874,4,8.681e+08,9,1,0,
401,1,3410945513453,3411398126516,10,3.01242,-114.018,4,8.681e+08,9,1,0,
401,4,3410945513453,3411398133701,10,-12.5192,-129.55,4,8.681e+08,9,1,0,
364,1,3417077484027,3418887922922,12,-0.450361,-117.481,4,8.681e+08,9,1,0,
364,3,3417077484027,3418887928062,12,-19.0184,-136.049,4,8.681e+08,9,1,0,
364,4,3417077484027,3418887923870,12,-5.20747,-122.238,4,8.681e+08,9,1,0,
402,1,3412845546657,3412979182392,8,6.37772,-110.653,4,8.681e+08,9,1,0,
48,1,3430035870412,3430169506332,8,5.21385,-111.817,4,8.681e+08,9,1,0,
254,1,3413145053111,3414955492268,12,-12.5591,-129.59,4,8.681e+08,9,1,0,
254,2,3413145053111,3414955494327,12,-11.1091,-128.14,4,8.681e+08,9,1,0,
250,4,3414604595741,3416415040073,12,-20.22,-137.251,4,8.681e+08,9,1,0,
123,4,3422479185359,3424289628204,12,-13.8026,-130.833,4,8.681e+08,9,1,0,
353,1,3431862800761,3433673239893,12,-6.59982,-123.631,4,8.681e+08,9,1,0,
353,2,3431862800761,3433673240344,12,-4.24229,-121.273,4,8.681e+08,9,1,0,
353,3,3431862800761,3433673244929,12,-17.3602,-134.391,4,8.681e+08,9,1,0,
353,4,3431862800761,3433673251650,12,-21.642,-138.673,4,8.681e+08,9,1,0,
378,1,3415537799250,3417348239336,12,-3.19749,-120.228,4,8.681e+08,9,1,0,
378,3,3415537799250,3417348252802,12,-20.4469,-137.478,4,8.681e+08,9,1,0,
321,1,3419303912580,3419756525267,10,4.2121,-112.819,4,8.681e+08,9,1,0,
321,2,3419303912580,3419756531159,10,-15.2423,-132.273,4,8.681e+08,9,1,0,
321,3,3419303912580,3419756531789,10,-12.1634,-129.194,4,8.681e+08,9,1,0,
260,1,3422993587559,3423446200625,10,8.55666,-108.474,4,8.681e+08,9,1,0,
260,2,3422993587559,3423446208513,10,-12.2142,-129.245,4,8.681e+08,9,1,0,
230,1,3423111397644,3424921836353,12,-2.46245,-119.493,4,8.681e+08,9,1,0,
230,3,3423111397644,3424921842982,12,-16.4538,-133.485,4,8.681e+08,9,1,0,
251,1,3421533054858,3421604992741,7,21.7524,-95.2785,4,8.681e+08,9,1,0,
269,1,3423351963055,3423485598676,8,7.26404,-109.767,4,8.681e+08,9,1,0,
269,2,3423351963055,3423485607123,8,-11.1388,-128.17,4,8.681e+08,9,1,0,
248,1,3431721621928,3431793559104,7,33.2759,-83.755,4,8.681e+08,9,1,0,
139,1,3423608311506,3423855099669,9,1.40948,-115.621,4,8.681e+08,9,1,0,
139,2,3423608311506,3423855106933,9,-8.86395,-125.895,4,8.681e+08,9,1,0,
358,1,3429176884049,3429248823365,7,6.64731,-110.384,4,8.681e+08,9,1,0,
188,1,3424329941855,3425317083702,11,-3.81024,-120.841,4,8.681e+08,9,1,0,
336,1,3426314248059,3428124687088,12,-4.02145,-121.052,4,8.681e+08,9,1,0,
336,2,3426314248059,3428124696651,12,-21.7289,-138.76,4,8.681e+08,9,1,0,
95,1,3428956173692,3429089809373,8,2.65158,-114.379,4,8.681e+08,9,1,0,
265,1,3453123602283,3453257238285,8,4.90716,-112.124,4,8.681e+08,9,1,0,
240,1,3434316148650,3436126587888,12,-5.41717,-122.448,4,8.681e+08,9,1,0,
240,2,3434316148650,3436126602451,12,-20.452,-137.483,4,8.681e+08,9,1,0,
240,3,3434316148650,3436126598878,12,-21.4909,-138.522,4,8.681e+08,9,1,0,
240,4,3434316148650,3436126591817,12,-12.8953,-129.926,4,8.681e+08,9,1,0,
332,2,3435507787453,3437318234810,12,-18.1217,-135.153,4,8.681e+08,9,1,0,
49,1,3438305696204,3439292838192,11,-1.11551,-118.146,4,8.681e+08,9,1,0,
49,2,3438305696204,3439292841046,11,-4.96906,-122,4,8.681e+08,9,1,0,
285,1,3435495481059,3436482622833,11,2.3431,-114.688,4,8.681e+08,9,1,0,
142,1,3440126831724,3440579444452,10,3.84322,-113.188,4,8.681e+08,9,1,0,
142,2,3440126831724,3440579452972,10,-13.6197,-130.651,4,8.681e+08,9,1,0,
142,3,3440126831724,3440579449683,10,-9.81734,-126.848,4,8.681e+08,9,1,0,
142,4,3440126831724,3440579452427,10,-10.9779,-128.009,4,8.681e+08,9,1,0,
362,3,3438066634340,3439053780343,11,-15.049,-132.08,4,8.681e+08,9,1,0,
362,4,3438066634340,3439053780393,11,-15.2235,-132.254,4,8.681e+08,9,1,0,
196,1,3436500526115,3438310964681,12,0.659784,-116.371,4,8.681e+08,9,1,0,
81,1,3436282561502,3437269703378,11,4.07329,-112.958,4,8.681e+08,9,1,0,
81,3,3436282561502,3437269714479,11,-17.5551,-134.586,4,8.681e+08,9,1,0,
81,4,3436282561502,3437269708612,11,-15.4058,-132.437,4,8.681e+08,9,1,0,
246,1,3436383509377,3436630297573,9,3.21998,-113.811,4,8.681e+08,9,1,0,
246,4,3436383509377,3436630304925,9,-8.74621,-125.777,4,8.681e+08,9,1,0,
404,1,3443907246928,3445717687243,12,-5.43481,-122.466,4,8.681e+08,9,1,0,
404,3,3443907246928,3445717693154,12,-19.3272,-136.358,4,8.681e+08,9,1,0,
404,4,3443907246928,3445717685593,12,-1.82665,-118.858,4,8.681e+08,9,1,0,
33,2,3449037044672,3450847485167,12,-6.19027,-123.221,4,8.681e+08,9,1,0,
33,3,3449037044672,3450847488120,12,-12.9616,-129.992,4,8.681e+08,9,1,0,
365,1,3441531259482,3443341699710,12,-5.11342,-122.144,4,8.681e+08,9,1,0,
365,2,3441531259482,3443341697929,12,-4.38258,-121.413,4,8.681e+08,9,1,0,
365,3,3441531259482,3443341704258,12,-18.2946,-135.325,4,8.681e+08,9,1,0,
190,1,3444927624582,3444999563338,7,14.1275,-102.903,4,8.681e+08,9,1,0,
75,1,3444212124840,3444284063395,7,18.3405,-98.6904,4,8.681e+08,9,1,0,
262,1,3443383769641,3443836382906,10,-1.10961,-118.141,4,8.681e+08,9,1,0,
51,1,3449326869440,3449398808030,7,12.7504,-104.281,4,8.681e+08,9,1,0,
349,1,3447736520583,3449546959540,12,-3.92932,-120.96,4,8.681e+08,9,1,0,
349,3,3447736520583,3449546967866,12,-15.1024,-132.133,4,8.681e+08,9,1,0,
349,4,3447736520583,3449546961172,12,-5.52358,-122.554,4,8.681e+08,9,1,0,
157,1,3446877691967,3446949630187,7,18.9686,-98.0623,4,8.681e+08,9,1,0,
115,1,3450920655968,3450992593300,7,31.0141,-86.0168,4,8.681e+08,9,1,0,
144,4,3458680866213,3460491320543,12,-20.1794,-137.21,4,8.681e+08,9,1,0,
68,2,3452959655853,3454770096898,12,-5.8642,-122.895,4,8.681e+08,9,1,0,
68,3,3452959655853,3454770103661,12,-21.9112,-138.942,4,8.681e+08,9,1,0,
68,4,3452959655853,3454770108607,12,-21.7479,-138.779,4,8.681e+08,9,1,0,
110,1,3450654391389,3452464831468,12,-5.50895,-122.54,4,8.681e+08,9,1,0,
110,4,3450654391389,3452464831930,12,-3.01079,-120.042,4,8.681e+08,9,1,0,
120,1,3454579844790,3456390283247,12,6.50075,-110.53,4,8.681e+08,9,1,0,
120,2,3454579844790,3456390285042,12,-8.58238,-125.613,4,8.681e+08,9,1,0,
132,1,3452602857999,3453589999476,11,-1.02043,-118.051,4,8.681e+08,9,1,0,
132,2,3452602857999,3453590009553,11,-14.8646,-131.895,4,8.681e+08,9,1,0,
132,4,3452602857999,3453590004385,11,-7.44764,-124.479,4,8.681e+08,9,1,0,
163,1,3456601478041,3456673414988,7,34.9867,-82.0442,4,8.681e+08,9,1,0,
366,1,3458310411472,3458763024301,10,0.450459,-116.58,4,8.681e+08,9,1,0,
85,1,3456216568037,3456350203730,8,13.4318,-103.599,4,8.681e+08,9,1,0,
219,3,3455316034841,3457126476878,12,-8.05474,-125.086,4,8.681e+08,9,1,0,
219,4,3455316034841,3457126475181,12,0.556981,-116.474,4,8.681e+08,9,1,0,
89,2,3463938893839,3464926039209,11,-4.71453,-121.745,4,8.681e+08,9,1,0,
258,1,3463134973061,3464122114696,11,-6.83838,-123.869,4,8.681e+08,9,1,0,
258,2,3463134973061,3464122118110,11,-10.2369,-127.268,4,8.681e+08,9,1,0,
258,3,3463134973061,3464122121632,11,-12.8329,-129.864,4,8.681e+08,9,1,0,
326,1,3458297108804,3460107548075,12,-0.659605,-117.691,4,8.681e+08,9,1,0,
326,2,3458297108804,3460107555695,12,-17.6892,-134.72,4,8.681e+08,9,1,0,
326,3,3458297108804,3460107561428,12,-17.9515,-134.982,4,8.681e+08,9,1,0,
55,1,3464794778227,3465041566724,9,7.31399,-109.717,4,8.681e+08,9,1,0,
91,1,3465154912917,3465288548944,8,9.08249,-107.948,4,8.681e+08,9,1,0,
108,1,3464191988518,3465179130512,11,0.905389,-116.126,4,8.681e+08,9,1,0,
108,3,3464191988518,3465179144454,11,-19.1379,-136.169,4,8.681e+08,9,1,0,
108,4,3464191988518,3465179139997,11,-18.184,-135.215,4,8.681e+08,9,1,0,
150,2,3466409852946,3468220293137,12,-8.78575,-125.817,4,8.681e+08,9,1,0,
277,1,3464975921976,3466786361551,12,1.55405,-115.477,4,8.681e+08,9,1,0,
241,1,3466567296108,3468377734874,12,0.323337,-116.708,4,8.681e+08,9,1,0,
143,1,3470384511054,3472194949421,12,-14.6409,-131.672,4,8.681e+08,9,1,0,
143,3,3470384511054,3472194960308,12,-19.9231,-136.954,4,8.681e+08,9,1,0,
143,4,3470384511054,3472194953966,12,-11.143,-128.174,4,8.681e+08,9,1,0,
340,1,3478300970710,3478372909241,7,18.5654,-98.4655,4,8.681e+08,9,1,0,
382,1,3465953397527,3466940539558,11,2.02225,-115.009,4,8.681e+08,9,1,0,
382,2,3465953397527,3466940543008,11,-12.0173,-129.048,4,8.681e+08,9,1,0,
302,3,3465210406232,3467020848753,12,-7.89128,-124.922,4,8.681e+08,9,1,0,
302,4,3465210406232,3467020847306,12,-15.0854,-132.116,4,8.681e+08,9,1,0,
322,1,3480035122691,3480281910990,9,12.1274,-104.903,4,8.681e+08,9,1,0,
395,1,3469805781180,3470258393862,10,6.10321,-110.928,4,8.681e+08,9,1,0,
284,1,3479182818548,3480169960364,11,-0.29337,-117.324,4,8.681e+08,9,1,0,
257,1,3479017425989,3480827866130,12,-7.56689,-124.598,4,8.681e+08,9,1,0,
257,4,3479017425989,3480827865675,12,-4.13506,-121.166,4,8.681e+08,9,1,0,
173,2,3491644930696,3493455371163,12,-14.9166,-131.947,4,8.681e+08,9,1,0,
323,1,3474669898397,3476480338540,12,-10.94,-127.971,4,8.681e+08,9,1,0,
323,2,3474669898397,3476480341798,12,-11.7774,-128.808,4,8.681e+08,9,1,0,
323,3,3474669898397,3476480337170,12,-5.68186,-122.713,4,8.681e+08,9,1,0,
323,4,3474669898397,3476480344452,12,-16.0992,-133.13,4,8.681e+08,9,1,0,
309,1,3477424060987,3477670849541,9,10.3681,-106.663,4,8.681e+08,9,1,0,
309,2,3477424060987,3477670855765,9,-12.1757,-129.207,4,8.681e+08,9,1,0,
112,1,3491850580784,3492837722758,11,-1.52975,-118.561,4,8.681e+08,9,1,0,
112,3,3491850580784,3492837731408,11,-16.2145,-133.245,4,8.681e+08,9,1,0,
32,1,3482562957288,3484373395332,12,-3.70597,-120.737,4,8.681e+08,9,1,0,
32,2,3482562957288,3484373400843,12,-20.5536,-137.584,4,8.681e+08,9,1,0,
32,3,3482562957288,3484373398135,12,-5.45495,-122.486,4,8.681e+08,9,1,0,
32,4,3482562957288,3484373403310,12,-19.5257,-136.557,4,8.681e+08,9,1,0,
138,1,3488949881313,3489402494331,10,-7.79253,-124.823,4,8.681e+08,9,1,0,
138,3,3488949881313,3489402498971,10,-10.9323,-127.963,4,8.681e+08,9,1,0,
74,1,3486105425085,3487092566661,11,-2.59061,-119.622,4,8.681e+08,9,1,0,
74,3,3486105425085,3487092581329,11,-18.3782,-135.409,4,8.681e+08,9,1,0,
205,1,3488939565704,3490750004004,12,-4.01961,-121.051,4,8.681e+08,9,1,0,
205,3,3488939565704,3490750018260,12,-22.022,-139.053,4,8.681e+08,9,1,0,
243,3,3509723563227,3511534007366,12,-15.812,-132.843,4,8.681e+08,9,1,0,
243,4,3509723563227,3511534002154,12,-11.3653,-128.396,4,8.681e+08,9,1,0,
67,1,3499995890884,3500067828661,7,8.3696,-108.661,4,8.681e+08,9,1,0,
67,4,3499995890884,3500067840611,7,-7.67475,-124.706,4,8.681e+08,9,1,0,
83,1,3490590001578,3492400441368,12,-7.02145,-124.052,4,8.681e+08,9,1,0,
83,4,3490590001578,3492400454832,12,-18.6565,-135.687,4,8.681e+08,9,1,0,
105,1,3491022450051,3492009591883,11,-1.77031,-118.801,4,8.681e+08,9,1,0,
105,3,3491022450051,3492009603628,11,-19.2243,-136.255,4,8.681e+08,9,1,0,
105,4,3491022450051,3492009597891,11,-9.95846,-126.989,4,8.681e+08,9,1,0,
381,1,3494425151283,3494671939507,9,10.2359,-106.795,4,8.681e+08,9,1,0,
384,2,3492561885969,3494372325464,12,-14.7838,-131.815,4,8.681e+08,9,1,0,
384,3,3492561885969,3494372332125,12,-13.0239,-130.055,4,8.681e+08,9,1,0,
7,1,3493142968056,3494953408288,12,-8.40958,-125.44,4,8.681e+08,9,1,0,
7,4,3493142968056,3494953406705,12,-5.62156,-122.652,4,8.681e+08,9,1,0,
187,1,3492405678299,3492539314016,8,7.07816,-109.953,4,8.681e+08,9,1,0,
311,1,3493134997620,3493268633294,8,5.75432,-111.277,4,8.681e+08,9,1,0,
311,3,3493134997620,3493268643036,8,-11.7279,-128.759,4,8.681e+08,9,1,0,
259,1,3504319427372,3504566215502,9,9.13529,-107.896,4,8.681e+08,9,1,0,
259,3,3504319427372,3504566223763,9,-10.7356,-127.767,4,8.681e+08,9,1,0,
259,4,3504319427372,3504566222014,9,-11.2332,-128.264,4,8.681e+08,9,1,0,
210,1,3494658261242,3494730200088,7,12.5905,-104.44,4,8.681e+08,9,1,0,
371,1,3494997334806,3495449947662,10,8.74635,-108.285,4,8.681e+08,9,1,0,
371,2,3494997334806,3495449952639,10,-7.76567,-124.797,4,8.681e+08,9,1,0,
44,1,3495573808271,3495645746696,7,20.5787,-96.4522,4,8.681e+08,9,1,0,
44,3,3495573808271,3495645756551,7,-7.71921,-124.75,4,8.681e+08,9,1,0,
288,1,3498943149024,3500753587969,12,-7.99162,-125.023,4,8.681e+08,9,1,0,
288,2,3498943149024,3500753589263,12,-7.90489,-124.936,4,8.681e+08,9,1,0,
354,1,3501833044556,3503643484577,12,-8.76862,-125.8,4,8.681e+08,9,1,0,
354,3,3501833044556,3503643487613,12,-17.7114,-134.742,4,8.681e+08,9,1,0,
354,4,3501833044556,3503643483585,12,-12.5645,-129.595,4,8.681e+08,9,1,0,
218,1,3503149094864,3503221033761,7,6.79904,-110.232,4,8.681e+08,9,1,0,
220,2,3512514625472,3512761421345,9,-13.4057,-130.437,4,8.681e+08,9,1,0,
290,1,3503845410692,3504832552111,11,0.5271,-116.504,4,8.681e+08,9,1,0,
162,1,3507220342509,3509030780610,12,-2.44939,-119.48,4,8.681e+08,9,1,0,
162,3,3507220342509,3509030788297,12,-13.2617,-130.293,4,8.681e+08,9,1,0,
162,4,3507220342509,3509030783227,12,-7.15093,-124.182,4,8.681e+08,9,1,0,
145,1,3505230684124,3505302622987,7,13.2088,-103.822,4,8.681e+08,9,1,0,
199,1,3509281915950,3509353855011,7,12.8258,-104.205,4,8.681e+08,9,1,0,
202,1,3509226868385,3511037308135,12,0.474227,-116.557,4,8.681e+08,9,1,0,
202,2,3509226868385,3511037320211,12,-20.7026,-137.734,4,8.681e+08,9,1,0,
370,1,3512618768277,3512690705301,7,27.9595,-89.0714,4,8.681e+08,9,1,0,
42,4,3516692897452,3518503337550,12,-7.09921,-124.13,4,8.681e+08,9,1,0,
126,1,3513433653674,3513886266613,10,8.13965,-108.891,4,8.681e+08,9,1,0,
126,3,3513433653674,3513886273346,10,-15.3682,-132.399,4,8.681e+08,9,1,0,
126,4,3513433653674,3513886271679,10,-11.5911,-128.622,4,8.681e+08,9,1,0,
69,1,3512621878634,3514432317444,12,-0.397555,-117.428,4,8.681e+08,9,1,0,
69,3,3512621878634,3514432327396,12,-21.2783,-138.309,4,8.681e+08,9,1,0,
66,3,3517981585455,3519792024671,12,2.63421,-114.397,4,8.681e+08,9,1,0,
168,1,3514047665075,3515858104430,12,-2.04215,-119.073,4,8.681e+08,9,1,0,
168,3,3514047665075,3515858112415,12,-16.4575,-133.488,4,8.681e+08,9,1,0,
168,4,3514047665075,3515858105308,12,-2.4889,-119.52,4,8.681e+08,9,1,0,
102,1,3522318749829,3523305891764,11,3.38501,-113.646,4,8.681e+08,9,1,0,
102,2,3522318749829,3523305899083,11,-18.9,-135.931,4,8.681e+08,9,1,0,
102,3,3522318749829,3523305894600,11,-11.8765,-128.907,4,8.681e+08,9,1,0,
102,4,3522318749829,3523305898151,11,-11.8194,-128.85,4,8.681e+08,9,1,0,
147,1,3518199045142,3518270983753,7,23.1971,-93.8338,4,8.681e+08,9,1,0,
169,1,3520063948616,3521874387366,12,-13.7175,-130.748,4,8.681e+08,9,1,0,
169,4,3520063948616,3521874391000,12,-19.0193,-136.05,4,8.681e+08,9,1,0,
207,1,3520213148343,3520285087880,7,-5.70566,-122.737,4,8.681e+08,9,1,0,
140,1,3520406227839,3520653016354,9,2.49359,-114.537,4,8.681e+08,9,1,0,
36,1,3527571303988,3528558445913,11,1.01763,-116.013,4,8.681e+08,9,1,0,
374,2,3522589195217,3524399636470,12,-9.63884,-126.67,4,8.681e+08,9,1,0,
374,3,3522589195217,3524399643590,12,-15.5807,-132.612,4,8.681e+08,9,1,0,
245,1,3522108476869,3523918917027,12,-0.229981,-117.261,4,8.681e+08,9,1,0,
245,4,3522108476869,3523918922573,12,-19.2399,-136.271,4,8.681e+08,9,1,0,
9,1,3523485883634,3523557820969,7,33.2085,-83.8224,4,8.681e+08,9,1,0,
136,1,3525011561746,3525464175044,10,4.77836,-112.253,4,8.681e+08,9,1,0,
136,2,3525011561746,3525464181389,10,-6.92467,-123.956,4,8.681e+08,9,1,0,
29,1,3531067256243,3531314044712,9,-1.26497,-118.296,4,8.681e+08,9,1,0,
376,1,3526776765410,3526848702820,7,19.3014,-97.7295,4,8.681e+08,9,1,0,
391,1,3526406493395,3528216933813,12,-6.68276,-123.714,4,8.681e+08,9,1,0,
238,2,3526257372206,3528067812363,12,-14.2306,-131.262,4,8.681e+08,9,1,0,
238,3,3526257372206,3528067813678,12,-3.01239,-120.043,4,8.681e+08,9,1,0,
34,1,3527896932811,3529707372620,12,-6.48823,-123.519,4,8.681e+08,9,1,0,
34,4,3527896932811,3529707372547,12,-10.775,-127.806,4,8.681e+08,9,1,0,
63,1,3529356017119,3531166456357,12,-1.89009,-118.921,4,8.681e+08,9,1,0,
63,2,3529356017119,3531166468716,12,-20.9408,-137.972,4,8.681e+08,9,1,0,
192,1,3529930573810,3530917715651,11,5.86058,-111.17,4,8.681e+08,9,1,0,
57,1,3532926437475,3533379050403,10,2.57149,-114.459,4,8.681e+08,9,1,0,
57,2,3532926437475,3533379057353,10,-15.2982,-132.329,4,8.681e+08,9,1,0,
57,3,3532926437475,3533379055409,10,-6.04391,-123.075,4,8.681e+08,9,1,0,
209,1,3529056836554,3529509449413,10,-2.04456,-119.075,4,8.681e+08,9,1,0,
170,1,3536658212912,3538468652682,12,-5.97104,-123.002,4,8.681e+08,9,1,0,
170,2,3536658212912,3538468657932,12,-11.7966,-128.828,4,8.681e+08,9,1,0,
264,1,3538317023816,3538563812299,9,5.23792,-111.793,4,8.681e+08,9,1,0,
117,1,3536973904402,3537045843213,7,11.1365,-105.894,4,8.681e+08,9,1,0,
180,1,3532559179173,3532805967409,9,2.27498,-114.756,4,8.681e+08,9,1,0,
189,1,3534011239529,3534998381284,11,2.81705,-114.214,4,8.681e+08,9,1,0,
159,1,3535474375733,3535546313098,7,17.2698,-99.7611,4,8.681e+08,9,1,0,
346,1,3537689287551,3539499726175,12,-3.81944,-120.85,4,8.681e+08,9,1,0,
346,4,3537689287551,3539499730449,12,-9.93769,-126.969,4,8.681e+08,9,1,0,
373,2,3545288193929,3547098633832,12,-3.34288,-120.374,4,8.681e+08,9,1,0,
373,3,3545288193929,3547098641799,12,-17.8334,-134.864,4,8.681e+08,9,1,0,
16,2,3539196257338,3541006695786,12,-8.45984,-125.491,4,8.681e+08,9,1,0,
16,3,3539196257338,3541006702203,12,-15.1774,-132.208,4,8.681e+08,9,1,0,
82,3,3541726045506,3543536487248,12,-16.965,-133.996,4,8.681e+08,9,1,0,
82,4,3541726045506,3543536485522,12,-8.70337,-125.734,4,8.681e+08,9,1,0,
227,1,3542853170138,3543305783446,10,-6.93982,-123.971,4,8.681e+08,9,1,0,
227,2,3542853170138,3543305787729,10,-6.04679,-123.078,4,8.681e+08,9,1,0,
306,1,3539044831293,3539178467204,8,13.6623,-103.369,4,8.681e+08,9,1,0,
94,1,3540464073647,3540536012976,7,11.6885,-105.342,4,8.681e+08,9,1,0,
131,1,3545774238473,3547584677339,12,-6.41415,-123.445,4,8.681e+08,9,1,0,
131,4,3545774238473,3547584686611,12,-14.3567,-131.388,4,8.681e+08,9,1,0,
103,1,3546381774686,3547368916638,11,-2.40339,-119.434,4,8.681e+08,9,1,0,
103,3,3546381774686,3547368927002,11,-17.5745,-134.605,4,8.681e+08,9,1,0,
103,4,3546381774686,3547368921068,11,-4.94389,-121.975,4,8.681e+08,9,1,0,
153,1,3540649845799,3542460284653,12,1.85814,-115.173,4,8.681e+08,9,1,0,
119,1,3548748895754,3550559335158,12,-5.08402,-122.115,4,8.681e+08,9,1,0,
119,2,3548748895754,3550559340376,12,-16.3266,-133.358,4,8.681e+08,9,1,0,
119,3,3548748895754,3550559347160,12,-21.1929,-138.224,4,8.681e+08,9,1,0,
10,1,3545413654848,3546400796611,11,-2.31668,-119.348,4,8.681e+08,9,1,0,
10,3,3545413654848,3546400799985,11,-9.43022,-126.461,4,8.681e+08,9,1,0,
10,4,3545413654848,3546400802428,11,-19.2663,-136.297,4,8.681e+08,9,1,0,
186,1,3550481978455,3550553917433,7,14.6395,-102.391,4,8.681e+08,9,1,0,
380,1,3553576019859,3553709655953,8,-2.77235,-119.803,4,8.681e+08,9,1,0,
380,4,3553576019859,3553709662527,8,-11.2041,-128.235,4,8.681e+08,9,1,0,
171,1,3549938928165,3550010867747,7,-7.82543,-124.856,4,8.681e+08,9,1,0,
31,1,3557203007587,3557655620585,10,-3.77929,-120.81,4,8.681e+08,9,1,0,
31,4,3557203007587,3557655628766,10,-11.0289,-128.06,4,8.681e+08,9,1,0,
11,1,3552091167987,3552163105299,7,25.7807,-91.2502,4,8.681e+08,9,1,0,
214,1,3560011906019,3560145541762,8,10.4858,-106.545,4,8.681e+08,9,1,0,
327,1,3552781881685,3553028670076,9,8.83057,-108.2,4,8.681e+08,9,1,0,
359,1,3551490162283,3551942775320,10,4.30786,-112.723,4,8.681e+08,9,1,0,
359,2,3551490162283,3551942781238,10,-8.89272,-125.924,4,8.681e+08,9,1,0,
160,1,3560625775850,3560872564038,9,10.9007,-106.13,4,8.681e+08,9,1,0,
160,2,3560625775850,3560872570364,9,-12.9597,-129.991,4,8.681e+08,9,1,0,
266,1,3558139554889,3559949994884,12,-10.415,-127.446,4,8.681e+08,9,1,0,
266,4,3558139554889,3559950007832,12,-19.3171,-136.348,4,8.681e+08,9,1,0,
282,1,3555842894114,3557653332696,12,-15.0175,-132.048,4,8.681e+08,9,1,0,
282,3,3555842894114,3557653341848,12,-13.2456,-130.276,4,8.681e+08,9,1,0,
282,4,3555842894114,3557653335392,12,-14.4763,-131.507,4,8.681e+08,9,1,0,
208,1,3560755774313,3562566214108,12,-3.57196,-120.603,4,8.681e+08,9,1,0,
233,2,3559784708823,3561595149535,12,-15.8452,-132.876,4,8.681e+08,9,1,0,
88,2,3561689832777,3563500278288,12,-13.2895,-130.32,4,8.681e+08,9,1,0,
47,1,3560804765450,3560876703336,7,20.4854,-96.5455,4,8.681e+08,9,1,0,
239,1,3562373946228,3564184385931,12,-3.15593,-120.187,4,8.681e+08,9,1,0,
239,3,3562373946228,3564184390201,12,-12.482,-129.513,4,8.681e+08,9,1,0,
239,4,3562373946228,3564184385274,12,-15.2933,-132.324,4,8.681e+08,9,1,0,
383,1,3562829979618,3563817121569,11,2.90308,-114.128,4,8.681e+08,9,1,0,
383,2,3562829979618,3563817125035,11,-6.75023,-123.781,4,8.681e+08,9,1,0,
383,3,3562829979618,3563817126265,11,-14.3569,-131.388,4,8.681e+08,9,1,0,
383,4,3562829979618,3563817132215,11,-18.578,-135.609,4,8.681e+08,9,1,0,
351,1,3564646191775,3566456631361,12,-8.57114,-125.602,4,8.681e+08,9,1,0,
351,4,3564646191775,3566456640289,12,-19.5957,-136.627,4,8.681e+08,9,1,0,
111,1,3567753431996,3569563870237,12,-1.16086,-118.192,4,8.681e+08,9,1,0,
111,4,3567753431996,3569563880216,12,-16.0274,-133.058,4,8.681e+08,9,1,0,
387,1,3571292966043,3571539754444,9,10.8507,-106.18,4,8.681e+08,9,1,0,
109,1,3570175108611,3571985548067,12,-2.96491,-119.996,4,8.681e+08,9,1,0,
109,2,3570175108611,3571985547985,12,-4.97741,-122.008,4,8.681e+08,9,1,0,
130,3,3569401117767,3571211559787,12,-11.8615,-128.892,4,8.681e+08,9,1,0,
130,4,3569401117767,3571211559499,12,-11.6375,-128.668,4,8.681e+08,9,1,0,
272,1,3574754029212,3574825965756,7,43.1907,-73.8402,4,8.681e+08,9,1,0,
228,3,3572732625038,3574543077336,12,-19.261,-136.292,4,8.681e+08,9,1,0,
86,1,3573222888529,3573294827721,7,14.7735,-102.257,4,8.681e+08,9,1,0,
64,1,3572059616937,3573870056365,12,-9.4824,-126.513,4,8.681e+08,9,1,0,
64,2,3572059616937,3573870069488,12,-21.8343,-138.865,4,8.681e+08,9,1,0,
64,4,3572059616937,3573870067107,12,-22.0114,-139.042,4,8.681e+08,9,1,0,
37,1,3570547174270,3570999787332,10,-1.41803,-118.449,4,8.681e+08,9,1,0,
37,3,3570547174270,3570999792124,10,-14.5958,-131.627,4,8.681e+08,9,1,0,
191,4,3574301110789,3576111557594,12,-17.3738,-134.405,4,8.681e+08,9,1,0,
263,1,3574897226994,3574969165893,7,14.4571,-102.574,4,8.681e+08,9,1,0,
203,1,3578112895518,3578565508277,10,-3.64236,-120.673,4,8.681e+08,9,1,0,
203,2,3578112895518,3578565514211,10,-12.7502,-129.781,4,8.681e+08,9,1,0,
400,1,3574144006926,3574215946100,7,10.3715,-106.659,4,8.681e+08,9,1,0,
242,1,3580830190725,3581076979182,9,-2.48647,-119.517,4,8.681e+08,9,1,0,
242,3,3580830190725,3581076985106,9,-9.79043,-126.821,4,8.681e+08,9,1,0,
165,1,3582754892207,3583001680802,9,-4.53691,-121.568,4,8.681e+08,9,1,0,
165,2,3582754892207,3583001689850,9,-11.5401,-128.571,4,8.681e+08,9,1,0,
165,3,3582754892207,3583001686353,9,-9.34891,-126.38,4,8.681e+08,9,1,0,
204,1,3589056698671,3590867137828,12,-8.03045,-125.061,4,8.681e+08,9,1,0,
204,2,3589056698671,3590867147247,12,-14.7055,-131.736,4,8.681e+08,9,1,0,
256,1,3591595228326,3591667166599,7,17.7491,-99.2818,4,8.681e+08,9,1,0,
73,1,3580555545165,3581008158096,10,4.37525,-112.656,4,8.681e+08,9,1,0,
177,1,3589616281679,3589688219929,7,8.6809,-108.35,4,8.681e+08,9,1,0,
92,1,3590035181057,3590487794183,10,2.17961,-114.851,4,8.681e+08,9,1,0,
92,2,3590035181057,3590487802014,10,-16.7839,-133.815,4,8.681e+08,9,1,0,
92,3,3590035181057,3590487798606,10,-5.47161,-122.503,4,8.681e+08,9,1,0,
92,4,3590035181057,3590487801900,10,-11.888,-128.919,4,8.681e+08,9,1,0,
237,1,3586069545900,3587879985049,12,0.426681,-116.604,4,8.681e+08,9,1,0,
237,3,3586069545900,3587879998996,12,-20.1277,-137.159,4,8.681e+08,9,1,0,
60,1,3584843128987,3585295741931,10,8.5274,-108.503,4,8.681e+08,9,1,0,
125,4,3588954341044,3590764784603,12,-11.8152,-128.846,4,8.681e+08,9,1,0,
6,2,3590280407643,3592090853692,12,-12.9413,-129.972,4,8.681e+08,9,1,0,
6,3,3590280407643,3592090847803,12,-3.52115,-120.552,4,8.681e+08,9,1,0,
106,1,3590487610395,3590621246206,8,15.6236,-101.407,4,8.681e+08,9,1,0,
390,1,3591323003628,3591775616710,10,-2.5622,-119.593,4,8.681e+08,9,1,0,
390,4,3591323003628,3591775624742,10,-14.2158,-131.247,4,8.681e+08,9,1,0,
350,1,3592953846551,3593025786091,7,9.3876,-107.643,4,8.681e+08,9,1,0,
217,1,3595049489413,3596036631173,11,1.01748,-116.013,4,8.681e+08,9,1,0,
295,1,3593317311287,3593389250004,7,15.277,-101.754,4,8.681e+08,9,1,0,
53,1,3593944940935,3594191729512,9,3.91419,-113.117,4,8.681e+08,9,1,0,
41,1,3595108824070,3595180762795,7,18.023,-99.0079,4,8.681e+08,9,1,0,
271,1,3596112256029,3597922694542,12,-1.71556,-118.746,4,8.681e+08,9,1,0,
231,1,3596710347514,3597162960631,10,-12.4884,-129.519,4,8.681e+08,9,1,0,
231,2,3596710347514,3597162970364,10,-14.7607,-131.792,4,8.681e+08,9,1,0,
101,1,3598634541136,3599621682641,11,2.10771,-114.923,4,8.681e+08,9,1,0,
101,2,3598634541136,3599621687274,11,-11.8614,-128.892,4,8.681e+08,9,1,0,
101,3,3598634541136,3599621687571,11,-16.8949,-133.926,4,8.681e+08,9,1,0,
26,1,3598233729823,3598305668715,7,13.6095,-103.421,4,8.681e+08,9,1,0,
senderId,receiverID, sendTime, receivedTime,SF,SNR,Ftype, Freq  ,RX
