gatewayID,X,Y,Z
1,0,0,1,
EndDeviceID,X,Y,Z,SF
2,884.932,883.142,1,9,
3,270.021,-1474.88,1,10,
4,-357.169,-180.467,1,7,
5,346.119,-186.922,1,7,
6,-1250.12,-589.163,1,9,
7,-1293.93,-289.083,1,9,
8,-1233.76,382.477,1,9,
9,8.18528,-898.518,1,7,
10,784.215,826.61,1,8,
11,826.039,263.177,1,7,
12,831.881,1190.02,1,10,
13,1055.61,-479.073,1,8,
14,1309.99,-280.746,1,9,
15,77.8125,-1496.21,1,10,
16,-832.269,-131.052,1,7,
17,-1462.23,406.504,1,10,
18,-501.561,766.012,1,7,
19,-773.534,263.027,1,7,
20,-570.912,450.314,1,7,
21,40.1342,-1579.77,1,10,
22,507.778,-248.408,1,7,
23,-977.91,-651.869,1,8,
24,334.367,-700.67,1,7,
25,-935.952,1003.52,1,9,
26,-1388.94,351.002,1,10,
27,1101.39,777.403,1,9,
28,92.3028,-260.421,1,7,
29,-1081.45,1006.57,1,10,
30,-1486.93,194.588,1,10,
31,1430.39,-388.463,1,10,
32,-633.42,586.826,1,7,
33,-483.797,223.373,1,7,
34,-333.407,1341.81,1,9,
35,-989.291,952.146,1,9,
36,1229.86,820.418,1,10,
37,1493.71,-750.534,1,11,
38,-703.69,-302.745,1,7,
39,278.691,-1095.69,1,8,
40,451.918,-639.198,1,7,
41,1162.43,266.526,1,8,
42,258.429,1076.66,1,8,
43,-264.031,919.789,1,7,
44,340.801,1611.16,1,11,
45,-1676.98,141.723,1,11,
46,1040.62,-612.18,1,8,
47,-1339.48,753.391,1,10,
48,867.712,-493.33,1,7,
49,341.027,-1049.54,1,8,
50,1084.02,-1133.71,1,10,
51,-836.59,1470.23,1,11,
52,-1261.2,79.4627,1,9,
53,-770.626,1459.46,1,11,
54,-1029.4,495.494,1,8,
55,-860.348,1390.01,1,11,
56,-324.392,-1221.5,1,9,
57,-326.084,-230.732,1,7,
58,743.956,396.007,1,7,
59,1218.7,936.406,1,10,
60,846.266,581.725,1,7,
61,1471.86,-656.238,1,11,
62,-1434.01,-369.264,1,10,
63,-86.7191,1140.43,1,8,
64,-1641.72,35.0037,1,11,
65,1144.09,1101.91,1,10,
66,-1314.74,731.146,1,10,
67,-685.805,1042.88,1,9,
68,-595.654,-1215.53,1,9,
69,570.701,368.585,1,7,
70,-1267.18,635.282,1,10,
71,-504.912,694.117,1,7,
72,-508.774,594.724,1,7,
73,-58.0558,271.987,1,7,
74,720.406,295.831,1,7,
75,-206.484,-1573.26,1,10,
76,369.832,1270.26,1,9,
77,-864.577,-1029.84,1,9,
78,403.459,-1598.86,1,11,
79,24.7185,664.98,1,7,
80,222.75,-343.262,1,7,
81,121.832,1249.74,1,9,
82,112.379,-260.841,1,7,
83,-1278,514.175,1,9,
84,877.027,619.605,1,7,
85,674.49,-10.9993,1,7,
86,1064.5,321.444,1,8,
87,1045.8,-720.658,1,9,
88,-1417.69,-99.2328,1,10,
89,1050.45,11.2066,1,7,
90,581.239,677.787,1,7,
91,974.107,-541.001,1,8,
92,25.0286,-825.941,1,7,
93,-264.904,431.441,1,7,
94,577.837,712.982,1,7,
95,663.445,1262.99,1,10,
96,1012.98,313.896,1,7,
97,1315.11,-626.492,1,10,
98,-11.6911,853.04,1,7,
99,-368.125,357.187,1,7,
100,947.051,601.908,1,8,
101,365.34,-1448.88,1,10,
102,245.106,833.136,1,7,
103,925.541,962.399,1,9,
104,550.294,-1338.46,1,10,
105,-1336.58,285.972,1,9,
106,-1404.04,360.76,1,10,
107,-369.407,1547.84,1,10,
108,-339.277,784.226,1,7,
109,1518.94,214.517,1,10,
110,-535.565,-335.479,1,7,
111,1078.82,29.7935,1,7,
112,-976.845,911.741,1,9,
113,-511.128,-1149.47,1,9,
114,228.781,268.422,1,7,
115,775.414,-917.284,1,8,
116,-555.699,-99.023,1,7,
117,-1151.95,217.293,1,8,
118,-196.876,-1266.58,1,9,
119,547.572,405.762,1,7,
120,-76.2628,1687.72,1,11,
121,-1167.81,-411.345,1,9,
122,1321.84,747.704,1,10,
123,-278.992,539.548,1,7,
124,1152.46,1078.54,1,10,
125,859.396,129.23,1,7,
126,1254.72,481.853,1,9,
127,-1159.09,-310.264,1,8,
128,-680.5,845.963,1,8,
129,69.4394,-147.532,1,7,
130,39.7462,-294.306,1,7,
131,942.545,792.43,1,8,
132,340.662,-406.734,1,7,
133,-230.483,-436.133,1,7,
134,-776.453,141.758,1,7,
135,-650.809,-114.283,1,7,
136,428.895,705.179,1,7,
137,1593.44,-316.988,1,11,
138,-913.078,-1305.87,1,11,
139,321.426,667.106,1,7,
140,615.613,533.207,1,7,
141,211.856,1343.72,1,9,
142,-805.68,-1465,1,11,
143,907.698,-170.085,1,7,
144,388.684,-403.182,1,7,
145,1014.79,-587.163,1,8,
146,-161.807,512.795,1,7,
147,602.557,1225.07,1,9,
148,-923.278,-600.854,1,8,
149,-166.266,964.277,1,7,
150,-577.574,1280.94,1,10,
151,-1285.93,-87.8187,1,9,
152,693.148,-1119.11,1,9,
153,1009.46,494.87,1,8,
154,1256.66,-146.596,1,9,
155,1219.51,824.486,1,10,
156,1542.51,1.06168,1,10,
157,-5.09705,-758.71,1,7,
158,476.758,-1146.47,1,9,
159,-104.351,-1476.62,1,10,
160,918.767,-531.038,1,7,
161,-7.03808,419.502,1,7,
162,1514.2,-89.8303,1,10,
163,248.045,159.49,1,7,
164,-952.195,285.367,1,7,
165,-872.03,1232.94,1,10,
166,322.121,98.0792,1,7,
167,-482.29,914.412,1,7,
168,760.024,-1232,1,10,
169,61.0889,168.21,1,7,
170,-731.934,-251.969,1,7,
171,150.681,267.375,1,7,
172,-92.1809,1452.92,1,10,
173,-352.912,-232.921,1,7,
174,604.498,1124.97,1,9,
175,399.597,-1108.64,1,8,
176,-1154.3,-417.503,1,8,
177,1078.97,663.043,1,9,
178,635.219,-1183.68,1,9,
179,-67.2734,-585.982,1,7,
180,1318.17,56.0052,1,9,
181,-1140.51,-270.956,1,8,
182,62.6275,-1522.17,1,10,
183,1028.42,-955.085,1,10,
184,-166.072,-937,1,7,
185,-204.714,-1503.95,1,10,
186,-16.9828,-1119.69,1,8,
187,-202.276,274.531,1,7,
188,1066.62,306.621,1,8,
189,1166.57,925.396,1,10,
190,-157.251,-1227.79,1,9,
191,842.189,-732.135,1,8,
192,342.803,92.504,1,7,
193,-733.418,199.002,1,7,
194,-26.5507,440.026,1,7,
195,796.987,-107.174,1,7,
196,-419.047,-733.103,1,7,
197,-1224.58,-1104.97,1,11,
198,1524.04,191.615,1,10,
199,-294.339,1648.77,1,11,
200,378.2,-115.411,1,7,
201,-667.47,416.234,1,7,
202,344.954,58.7864,1,7,
203,-480.829,-352.051,1,7,
204,-871.472,1424.78,1,11,
205,1591.63,-302.234,1,11,
206,726.11,697.752,1,7,
207,45.5653,-1341.96,1,9,
208,1195.37,-198.55,1,8,
209,735.597,-1509.28,1,11,
210,-748.263,878.242,1,8,
211,65.9375,-665.815,1,7,
212,966.653,1233.45,1,10,
213,-431.014,-1.81814,1,7,
214,750.681,793.423,1,8,
215,149.307,1620.29,1,11,
216,-723.57,510.849,1,7,
217,419.959,229.276,1,7,
218,-993.094,-419.27,1,7,
219,599.761,1049.24,1,8,
220,782.058,-252.277,1,7,
221,1005.65,-1123.93,1,10,
222,912.117,558.738,1,7,
223,1354.76,-487.31,1,10,
224,150.023,-213.928,1,7,
225,1086.78,420.975,1,8,
226,-269.024,317.585,1,7,
227,-1577.63,390.85,1,11,
228,234.146,522.771,1,7,
229,135.742,899.3,1,7,
230,-253.862,-1021.62,1,7,
231,-631.302,-527.153,1,7,
232,-892.639,-1307.33,1,10,
233,-637.096,-429.572,1,7,
234,-531.109,-929.264,1,7,
235,-601.363,-1272.88,1,10,
236,-410.172,31.8775,1,7,
237,-1320.77,-665.601,1,10,
238,1083.67,-472.251,1,8,
239,-489.32,-1210.12,1,9,
240,595.263,-178.815,1,7,
241,-981.175,-43.402,1,7,
242,-331.595,225.086,1,7,
243,1486,-115.748,1,10,
244,1589.01,11.4641,1,10,
245,1163,557.758,1,9,
246,-1205.79,-973.022,1,10,
247,826.536,1435.72,1,11,
248,-812.643,-1251.93,1,10,
249,1001.87,1242.76,1,11,
250,-671.209,-446.537,1,7,
251,106.759,1671.93,1,11,
252,824.226,614.227,1,7,
253,1597.63,-75.0156,1,11,
254,-1031.44,308.406,1,7,
255,357.934,-524.039,1,7,
256,723.994,628.737,1,7,
257,-292.762,1312.31,1,9,
258,-1068,464.067,1,8,
259,781.064,-1111.45,1,9,
260,88.0905,-245.109,1,7,
261,549.975,-859.223,1,7,
262,120.824,929.713,1,7,
263,1384.71,787.877,1,11,
264,41.1132,-792.737,1,7,
265,922.154,-914.861,1,9,
266,388.035,1362.7,1,10,
267,1175.34,1039.61,1,10,
268,-762.047,1014.19,1,9,
269,19.6777,1385.74,1,9,
270,43.9015,-458.899,1,7,
271,-909.431,1081.45,1,10,
272,615.423,740.525,1,7,
273,-170.816,-1535.04,1,10,
274,369.97,-989.546,1,7,
275,1114.13,-579.054,1,9,
276,1097.37,398.153,1,8,
277,746.592,-960.143,1,8,
278,-513.083,-533.09,1,7,
279,-1266.44,1083.44,1,11,
280,325.998,-1126.88,1,8,
281,1164.67,33.5463,1,8,
282,-1462.83,764.653,1,11,
283,-1057.1,1136.85,1,10,
284,-1297.76,-504.928,1,9,
285,-506.906,404.535,1,7,
286,568.994,-1182.18,1,9,
287,89.3618,-980.197,1,7,
288,289.921,932.234,1,7,
289,-385.771,581.539,1,7,
290,350.481,962.773,1,7,
291,-364.927,807.111,1,7,
292,-39.0872,-1485.54,1,10,
293,-343.911,-489.032,1,7,
294,27.3714,1129.18,1,8,
295,758.076,-1062.28,1,9,
296,-278.363,-153.489,1,7,
297,-301.037,371.353,1,7,
298,-1635.28,359.012,1,11,
299,-907.736,315.064,1,7,
300,-1428.74,171.647,1,10,
301,-265.726,946.742,1,7,
302,295.937,1484.52,1,10,
303,277.561,-525.089,1,7,
304,653.374,-745.011,1,7,
305,-123.502,-1504.16,1,10,
306,-653.921,1188.94,1,9,
307,-281.608,1111.18,1,8,
308,-567.634,-193.521,1,7,
309,-1440.73,149.871,1,10,
310,-271.895,-1575.24,1,11,
311,-1021.54,795.194,1,9,
312,76.1053,-969.385,1,7,
313,-822.832,349.865,1,7,
314,-29.2581,-675.236,1,7,
315,563.249,501.388,1,7,
316,-1316.75,401.03,1,9,
317,-1452.03,121.468,1,10,
318,1337.75,931.915,1,11,
319,-1478.65,-569.163,1,10,
320,652.956,-821.56,1,7,
321,1215.12,-1157.11,1,11,
322,-1466.59,-636.963,1,11,
323,-184.132,-436.454,1,7,
324,1025.56,122.473,1,7,
325,-927.46,83.6456,1,7,
326,-1340.02,151.254,1,9,
327,-313.798,-1102.33,1,8,
328,712.038,500.119,1,7,
329,64.3506,1255.15,1,9,
330,-1037.87,-764.383,1,9,
331,-1231.9,917.54,1,10,
332,-695.182,212.215,1,7,
333,-191.155,1282.82,1,9,
334,927.824,-964.046,1,9,
335,-642.109,668.272,1,7,
336,849.854,306.71,1,7,
337,-403.655,-946.774,1,7,
338,74.6839,1575.03,1,10,
339,-216.518,885.848,1,7,
340,1615.53,-34.1334,1,11,
341,-176.326,189.39,1,7,
342,118.492,-657.473,1,7,
343,1075.73,-57.1591,1,7,
344,-1091.88,-1159.63,1,11,
345,652.985,-288.398,1,7,
346,-668.853,-115.032,1,7,
347,-1470.91,448.186,1,10,
348,-1201.35,-611.49,1,9,
349,1274.09,53.7178,1,9,
350,-284.133,-722.339,1,7,
351,-1232.19,659.649,1,9,
352,-189.734,-521.367,1,7,
353,995.486,687.457,1,8,
354,-909.986,208.272,1,7,
355,-451.205,-311.306,1,7,
356,766.246,329.132,1,7,
357,507.517,-1210.62,1,9,
358,317.248,747.943,1,7,
359,40.0719,1407.13,1,10,
360,580.743,922.098,1,8,
361,-1538.81,-457.033,1,11,
362,745.369,1249.35,1,10,
363,184.236,389.877,1,7,
364,1008.4,89.2303,1,7,
365,-500.494,815.333,1,7,
366,402.429,-332.426,1,7,
367,-587.099,1407.81,1,10,
368,-812.599,1087.18,1,9,
369,735.206,778.37,1,7,
370,726.432,101.553,1,7,
371,741.753,-444.039,1,7,
372,703.147,-98.8393,1,7,
373,210.171,1017.57,1,7,
374,73.0044,646.831,1,7,
375,-994.741,504.078,1,8,
376,-641.346,-736.226,1,7,
377,-82.4897,874.171,1,7,
378,-1587.22,192.957,1,11,
379,479.499,-1362.86,1,10,
380,779.412,1411.93,1,11,
381,702.823,-336.159,1,7,
382,-352.543,1639.55,1,11,
383,1339.49,-123.794,1,9,
384,-892.041,1307,1,10,
385,534.176,-1512.44,1,11,
386,-1501.1,300.29,1,10,
387,627.555,-1078.56,1,9,
388,-680.2,-1287.67,1,10,
389,799.472,126.679,1,7,
390,715.446,1430.68,1,11,
391,-1146.04,1138.31,1,11,
392,477.105,-610.67,1,7,
393,-127.705,1052.71,1,7,
394,-65.6873,1436.1,1,10,
395,-349.737,-469.03,1,7,
396,372.181,-942.956,1,7,
397,-1464.45,599.557,1,10,
398,-688.143,-1388.82,1,10,
399,-1322.06,731.164,1,10,
400,333.083,409.002,1,7,
401,636,917.15,1,8,
senderId,receiverID, sendTime, receivedTime,SF,SNR,RSSI,Ftype, Freq,n_frame,received, code
256,1,9503942909,9575882108,7,9.5602,-107.471,4,8.685e+08,0,1,0,
94,1,253625097245,253697036306,7,0.556485,-116.474,4,8.685e+08,0,1,0,
278,1,1933693756,2005632224,7,13.5707,-103.46,4,8.685e+08,0,1,0,
293,1,6672599248,6744537242,7,21.5846,-95.4463,4,8.685e+08,0,1,0,
64,1,13357140361,14344281838,11,0.193333,-116.838,4,8.685e+08,0,1,0,
340,1,255615818288,256602959678,11,-6.47039,-123.501,4,8.685e+08,0,1,0,
224,1,256952907761,257024844633,7,38.4067,-78.6242,4,8.685e+08,0,1,0,
222,1,257859521274,257931460842,7,2.82211,-114.209,4,8.685e+08,0,1,0,
66,1,30543193788,30995806806,10,6.13639,-110.895,4,8.685e+08,0,1,0,
377,1,33289535224,33361474153,7,3.76624,-113.265,4,8.685e+08,0,1,0,
376,1,259218486282,259290425539,7,13.6212,-103.41,4,8.681e+08,1,1,0,
337,1,259407220994,259479160427,7,-1.40652,-118.437,4,8.685e+08,0,1,0,
63,1,260692506615,260826142430,8,8.40394,-108.627,4,8.685e+08,0,1,0,
191,1,137018398927,137152034649,8,14.2613,-102.77,4,8.685e+08,0,1,0,
81,1,264573971534,264820759722,9,10.9779,-106.053,4,8.685e+08,0,1,0,
251,1,176143369320,177130510908,11,-2.77307,-119.804,4,8.685e+08,0,1,0,
35,1,35079030901,35325819481,9,-2.69205,-119.723,4,8.685e+08,0,1,0,
156,1,266989840831,267442453976,10,-1.01411,-118.045,4,8.685e+08,0,1,0,
300,1,224363411522,224816024322,10,2.09914,-114.932,4,8.685e+08,0,1,0,
18,1,202615067862,202687006916,7,6.7469,-110.284,4,8.685e+08,0,1,0,
100,1,269404983417,269538619160,8,6.61564,-110.415,4,8.685e+08,0,1,0,
59,1,267609093520,268061706647,10,2.20094,-114.83,4,8.685e+08,0,1,0,
355,1,269787772650,269859710479,7,18.5972,-98.4337,4,8.681e+08,1,1,0,
57,1,45292392569,45364329901,7,25.7276,-91.3033,4,8.681e+08,1,1,0,
80,1,140225402072,140297339437,7,4.03104,-113,4,8.685e+08,0,1,0,
105,1,273091381331,273338169890,9,8.92915,-108.102,4,8.681e+08,1,1,0,
254,1,271205876137,271277815728,7,1.24165,-115.789,4,8.685e+08,0,1,0,
114,1,273234266125,273306203301,7,34.3685,-82.6624,4,8.685e+08,0,1,0,
339,1,41340726102,41412665144,7,5.75215,-111.279,4,8.685e+08,0,1,0,
394,1,275213902053,275666514848,10,-1.14809,-118.179,4,8.681e+08,1,1,0,
59,1,312869893530,313322506657,10,-0.125091,-117.156,4,8.681e+08,1,1,0,
19,1,276496643646,276568582371,7,15.8638,-101.167,4,8.685e+08,0,1,0,
297,1,277889339003,277961276598,7,24.6204,-92.4105,4,8.681e+08,1,1,0,
230,1,283322683194,283394622705,7,4.31403,-112.717,4,8.685e+08,0,1,0,
118,1,290079163000,290325951276,9,9.51704,-107.514,4,8.685e+08,0,1,0,
355,1,90842147957,90914085786,7,20.482,-96.5489,4,8.685e+08,0,1,0,
239,1,91196671801,91443460155,9,1.94819,-115.083,4,8.685e+08,0,1,0,
363,1,284507470192,284579407630,7,18.2824,-98.7485,4,8.681e+08,1,1,0,
208,1,291607150327,291740786369,8,4.80689,-112.224,4,8.685e+08,0,1,0,
12,1,94253932574,94706545417,10,3.29873,-113.732,4,8.685e+08,0,1,0,
120,1,291299343023,292286484658,11,7.03049,-110,4,8.685e+08,0,1,0,
79,1,291940160006,292012098226,7,19.7031,-97.3278,4,8.681e+08,1,1,0,
296,1,92606350235,92678287295,7,28.752,-88.2789,4,8.685e+08,0,1,0,
30,1,292099870303,292552483305,10,-1.14592,-118.177,4,8.685e+08,0,1,0,
65,1,299227263682,299679876980,10,-1.84394,-118.875,4,8.681e+08,1,1,0,
315,1,145582590897,145654529412,7,16.1268,-100.904,4,8.681e+08,1,1,0,
357,1,298185883319,298432671698,9,0.45821,-116.573,4,8.685e+08,0,1,0,
281,1,300029521214,300163157101,8,-11.344,-128.375,4,8.681e+08,1,1,0,
218,1,94728662303,94800601899,7,3.98211,-113.049,4,8.685e+08,0,1,0,
328,1,301699097183,301771036085,7,7.35946,-109.671,4,8.685e+08,0,1,0,
290,1,301060072924,301132012342,7,6.65312,-110.378,4,8.685e+08,0,1,0,
375,1,174915461518,175049097238,8,14.0403,-102.991,4,8.685e+08,0,1,0,
356,1,302352633031,302424571813,7,14.7431,-102.288,4,8.685e+08,0,1,0,
85,1,96605307146,96677245396,7,17.7803,-99.2506,4,8.685e+08,0,1,0,
391,1,302856076312,303843217700,11,5.14723,-111.884,4,8.685e+08,0,1,0,
142,1,172089166780,173076308357,11,-2.20446,-119.235,4,8.685e+08,0,1,0,
104,1,303749037045,304201649872,10,8.88224,-108.149,4,8.685e+08,0,1,0,
308,1,304614797663,304686735663,7,21.0634,-95.9675,4,8.685e+08,0,1,0,
394,1,195677422430,196130035225,10,-3.67341,-120.704,4,8.685e+08,0,1,0,
223,1,345935501576,346388114378,10,5.50206,-111.529,4,8.685e+08,0,1,0,
76,1,304942222309,305189010722,9,4.69797,-112.333,4,8.685e+08,0,1,0,
157,1,97316030879,97387969410,7,18.3677,-98.6632,4,8.685e+08,0,1,0,
249,1,140554753718,141541895043,11,3.65541,-113.375,4,8.685e+08,0,1,0,
10,1,307348602794,307482238595,8,1.03005,-116.001,4,8.681e+08,1,1,0,
158,1,307663429266,307910217408,9,-1.55514,-118.586,4,8.685e+08,0,1,0,
342,1,100411576835,100483515063,7,7.43602,-109.595,4,8.685e+08,0,1,0,
370,1,142259075509,142331013956,7,11.2105,-105.82,4,8.685e+08,0,1,0,
232,1,143368394463,143821007743,10,3.27745,-113.753,4,8.685e+08,0,1,0,
51,1,311570987722,312558129365,11,6.87151,-110.159,4,8.685e+08,0,1,0,
196,1,312395395056,312467333873,7,12.0166,-105.014,4,8.681e+08,1,1,0,
180,1,101387900964,101634689365,9,-3.25634,-120.287,4,8.685e+08,0,1,0,
292,1,312451838448,312904451405,10,4.28899,-112.742,4,8.685e+08,0,1,0,
278,1,314146465307,314218403775,7,16.8176,-100.213,4,8.681e+08,2,1,0,
241,1,104635168091,104707107367,7,4.84376,-112.187,4,8.685e+08,0,1,0,
135,1,179102224534,179174162738,7,28.72,-88.3109,4,8.685e+08,0,1,0,
267,1,314843755618,315296368852,10,0.231854,-116.799,4,8.685e+08,0,1,0,
359,1,206288186555,206740799251,10,-4.26488,-121.296,4,8.681e+08,1,1,0,
371,1,315072607402,315144546286,7,17.1938,-99.8371,4,8.685e+08,0,1,0,
171,1,145827213957,145899150981,7,30.3811,-86.6498,4,8.681e+08,1,1,0,
336,1,316025519030,316097458044,7,15.4999,-101.531,4,8.685e+08,0,1,0,
103,1,315645128129,315891916583,9,5.02772,-112.003,4,8.685e+08,0,1,0,
54,1,106477578224,106611214035,8,6.63573,-110.395,4,8.685e+08,0,1,0,
390,1,318952481435,319939622771,11,-11.3226,-128.354,4,8.685e+08,0,1,0,
353,1,211383078799,211516714834,8,2.86926,-114.162,4,8.685e+08,0,1,0,
202,1,194799081580,194871018747,7,27.2428,-89.7881,4,8.685e+08,0,1,0,
96,1,317091246386,317163185923,7,14.8505,-102.18,4,8.685e+08,0,1,0,
346,1,318287297758,318359236022,7,17.7386,-99.2923,4,8.685e+08,0,1,0,
10,1,107037832035,107171467836,8,10.4658,-106.565,4,8.685e+08,0,1,0,
71,1,146405278937,146477217800,7,8.08905,-108.942,4,8.681e+08,1,1,0,
20,1,319027541549,319099479974,7,16.5915,-100.439,4,8.685e+08,0,1,0,
323,1,180484220893,180556158473,7,22.6706,-94.3603,4,8.685e+08,0,1,0,
40,1,108947661002,109019599613,7,4.99889,-112.032,4,8.685e+08,0,1,0,
31,1,320209194320,320661807264,10,9.34343,-107.687,4,8.685e+08,0,1,0,
59,1,358130693540,358583306667,10,-6.65015,-123.681,4,8.681e+08,2,1,0,
217,1,321399777270,321471714866,7,29.0006,-88.0303,4,8.681e+08,1,1,0,
365,1,322610604498,322682543689,7,15.0978,-101.933,4,8.685e+08,0,1,0,
221,1,146752490635,147205103666,10,3.75455,-113.276,4,8.685e+08,0,1,0,
385,1,112384137534,113371278884,11,6.60629,-110.425,4,8.685e+08,0,1,0,
70,1,323089979478,323542592206,10,-0.784588,-117.815,4,8.685e+08,0,1,0,
145,1,327297882996,327431518907,8,6.96246,-110.068,4,8.685e+08,0,1,0,
173,1,323780912530,323852849940,7,25.5352,-91.4957,4,8.685e+08,0,1,0,
239,1,115875071811,116121860165,9,9.00126,-108.03,4,8.681e+08,1,1,0,
58,1,324792523635,324864462446,7,12.1071,-104.924,4,8.685e+08,0,1,0,
245,1,326042555472,326289343774,9,1.36642,-115.664,4,8.685e+08,0,1,0,
392,1,330564432693,330636371278,7,11.8337,-105.197,4,8.685e+08,0,1,0,
401,1,182704091780,182837727503,8,7.88535,-109.146,4,8.685e+08,0,1,0,
169,1,147661589383,147733525980,7,44.8069,-72.224,4,8.685e+08,0,1,0,
401,1,332603829970,332737465693,8,13.1198,-103.911,4,8.681e+08,1,1,0,
131,1,115691451278,115825087385,8,-1.40736,-118.438,4,8.685e+08,0,1,0,
8,1,333507117203,333753905512,9,6.48954,-110.541,4,8.685e+08,0,1,0,
6,1,334422001978,334668790588,9,-5.47425,-122.505,4,8.685e+08,0,1,0,
368,1,115780192335,116026980862,9,-3.37741,-120.408,4,8.685e+08,0,1,0,
388,1,335893399386,336346012244,10,1.22547,-115.805,4,8.685e+08,0,1,0,
79,1,335435476605,335507414825,7,14.7996,-102.231,4,8.681e+08,2,1,0,
49,1,337531491583,337665127264,8,2.14791,-114.883,4,8.681e+08,1,1,0,
251,1,340745930189,341733071777,11,-0.990615,-118.022,4,8.681e+08,1,1,0,
209,1,117485363883,118472505484,11,-15.4029,-132.434,4,8.685e+08,0,1,0,
345,1,339089950801,339161889182,7,20.0772,-96.9537,4,8.685e+08,0,1,0,
41,1,341425731847,341559367825,8,3.02098,-114.01,4,8.685e+08,0,1,0,
144,1,186873681617,186945619485,7,23.0392,-93.9917,4,8.685e+08,0,1,0,
34,1,147938525800,148185314412,9,9.25632,-107.775,4,8.685e+08,0,1,0,
276,1,196353941625,196487577519,8,5.55467,-111.476,4,8.685e+08,0,1,0,
270,1,343008663893,343080601431,7,25.9806,-91.0503,4,8.685e+08,0,1,0,
102,1,121449825908,121521764805,7,13.1182,-103.913,4,8.685e+08,0,1,0,
311,1,197082436670,197329224988,9,6.05189,-110.979,4,8.685e+08,0,1,0,
73,1,345146842895,345218779823,7,33.0777,-83.9532,4,8.681e+08,1,1,0,
141,1,250789091632,251035880170,9,1.87714,-115.154,4,8.681e+08,1,1,0,
178,1,1556647402,1803435883,9,8.48325,-108.548,4,8.685e+08,0,1,0,
57,1,75149130,147086462,7,24.869,-92.1619,4,8.685e+08,0,1,0,
389,1,2963259066,3035197766,7,19.9722,-97.0587,4,8.685e+08,0,1,0,
315,1,1041952422,1113890937,7,12.4847,-104.546,4,8.685e+08,0,1,0,
168,1,10964287436,11416900265,10,5.74232,-111.289,4,8.685e+08,0,1,0,
152,1,349605963807,349852752198,9,-0.408144,-117.439,4,8.685e+08,0,1,0,
205,1,120488907383,121476048787,11,3.22671,-113.804,4,8.685e+08,0,1,0,
5,1,150961582204,151033519516,7,28.4416,-88.5893,4,8.685e+08,0,1,0,
250,1,121103098912,121175037601,7,10.0453,-106.986,4,8.685e+08,0,1,0,
248,1,348135942205,348588555184,10,5.57883,-111.452,4,8.685e+08,0,1,0,
163,1,351738017826,351809954810,7,34.4156,-82.6153,4,8.685e+08,0,1,0,
17,1,125827234986,126279848048,10,5.6435,-111.387,4,8.685e+08,0,1,0,
269,1,349859338649,350106127272,9,0.666811,-116.364,4,8.681e+08,1,1,0,
181,1,352451009199,352584645109,8,5.45559,-111.575,4,8.685e+08,0,1,0,
216,1,188738682208,188810621162,7,19.2709,-97.76,4,8.681e+08,1,1,0,
207,1,353628688947,353875477426,9,4.83691,-112.194,4,8.685e+08,0,1,0,
193,1,154603293668,154675232203,7,2.98816,-114.043,4,8.685e+08,0,1,0,
99,1,204705833629,204777771340,7,29.4003,-87.6306,4,8.685e+08,0,1,0,
233,1,352776482649,352848421212,7,17.0407,-99.9902,4,8.681e+08,1,1,0,
140,1,353162804474,353234743191,7,19.6824,-97.3485,4,8.685e+08,0,1,0,
122,1,199316053376,199768666442,10,1.63729,-115.394,4,8.685e+08,0,1,0,
291,1,122134053606,122205992561,7,4.79607,-112.235,4,8.685e+08,0,1,0,
253,1,207954310266,208941451601,11,6.85711,-110.174,4,8.685e+08,0,1,0,
210,1,354209255337,354342891186,8,4.37319,-112.658,4,8.681e+08,1,1,0,
265,1,360047601669,360294390002,9,7.00376,-110.027,4,8.685e+08,0,1,0,
176,1,187720149105,187853785199,8,6.97593,-110.055,4,8.685e+08,0,1,0,
219,1,358441045898,358574681929,8,2.60936,-114.422,4,8.685e+08,0,1,0,
238,1,360279247775,360412883718,8,8.14027,-108.891,4,8.681e+08,1,1,0,
227,1,361588338039,362575479461,11,-4.71602,-121.747,4,8.685e+08,0,1,0,
294,1,364222694560,364356330328,8,10.0397,-106.991,4,8.685e+08,0,1,0,
387,1,152362351513,152609139675,9,5.07075,-111.96,4,8.685e+08,0,1,0,
15,1,158817366770,159269979768,10,0.37628,-116.655,4,8.685e+08,0,1,0,
217,1,122350972912,122422910508,7,27.4769,-89.554,4,8.685e+08,0,1,0,
178,1,129527698732,129774487213,9,3.9899,-113.041,4,8.681e+08,1,1,0,
57,1,367059382746,367131320078,7,18.4078,-98.6231,4,8.681e+08,2,1,0,
209,1,364243217139,365230358740,11,-0.87635,-117.907,4,8.681e+08,1,1,0,
166,1,364961147809,365033084932,7,10.7781,-106.253,4,8.685e+08,0,1,0,
359,1,126252748356,126705361052,10,4.72428,-112.307,4,8.685e+08,0,1,0,
124,1,371262433758,371715047023,10,-4.09585,-121.127,4,8.685e+08,0,1,0,
263,1,154647143429,155634284743,11,1.70294,-115.328,4,8.685e+08,0,1,0,
392,1,367638571523,367710510108,7,16.2204,-100.81,4,8.681e+08,1,1,0,
346,1,374516333379,374588271643,7,14.9091,-102.122,4,8.681e+08,1,1,0,
232,1,373603451924,374056065204,10,4.35017,-112.681,4,8.681e+08,1,1,0,
246,1,189667875844,190120489012,10,-1.77389,-118.805,4,8.685e+08,0,1,0,
136,1,131449391446,131521330199,7,12.4117,-104.619,4,8.685e+08,0,1,0,
326,1,378205065591,378451854089,9,-8.57479,-125.606,4,8.681e+08,1,1,0,
334,1,378316067301,378562855764,9,0.708228,-116.323,4,8.685e+08,0,1,0,
113,1,380086667318,380333455514,9,6.7306,-110.3,4,8.685e+08,0,1,0,
129,1,130674962732,130746899276,7,38.656,-78.3749,4,8.685e+08,0,1,0,
358,1,380091646840,380163585550,7,17.389,-99.6419,4,8.685e+08,0,1,0,
198,1,160624353301,161076966425,10,-7.75841,-124.789,4,8.685e+08,0,1,0,
319,1,380541190024,380993803309,10,-7.83585,-124.867,4,8.681e+08,2,1,0,
74,1,387579348492,387651287090,7,11.6404,-105.39,4,8.685e+08,0,1,0,
284,1,390403945559,390650734204,9,8.29404,-108.737,4,8.685e+08,0,1,0,
196,1,133390474018,133462412835,7,-2.142,-119.173,4,8.685e+08,0,1,0,
66,1,389574217180,390026830198,10,2.16885,-114.862,4,8.681e+08,1,1,0,
235,1,134348524088,134801136784,10,-6.92828,-123.959,4,8.685e+08,0,1,0,
192,1,390047845247,390119782431,7,33.8293,-83.2016,4,8.685e+08,0,1,0,
79,1,191630809367,191702747587,7,18.1261,-98.9048,4,8.685e+08,0,1,0,
269,1,170296605505,170543394128,9,6.87062,-110.16,4,8.685e+08,0,1,0,
239,1,390753843362,391000631716,9,-1.79094,-118.822,4,8.681e+08,2,1,0,
73,1,201790360467,201862297395,7,41.9787,-75.0522,4,8.685e+08,0,1,0,
311,1,221760836680,222007624998,9,2.27875,-114.752,4,8.681e+08,1,1,0,
273,1,394964911433,395417524585,10,0.616606,-116.414,4,8.681e+08,1,1,0,
318,1,390797394292,391784535730,11,2.32413,-114.707,4,8.685e+08,0,1,0,
171,1,135667156107,135739093131,7,35.9552,-81.0757,4,8.685e+08,0,1,0,
83,1,391659146684,391905935279,9,1.88911,-115.142,4,8.685e+08,0,1,0,
119,1,211245658663,211317596936,7,19.1117,-97.9192,4,8.685e+08,0,1,0,
28,1,397300715129,397372652051,7,37.5342,-79.4967,4,8.685e+08,0,1,0,
389,1,396023808011,396095746711,7,4.88722,-112.144,4,8.681e+08,2,1,0,
83,1,416337546694,416584335289,9,0.951766,-116.079,4,8.681e+08,1,1,0,
46,1,160831926282,160965562309,8,10.1568,-106.874,4,8.685e+08,0,1,0,
55,1,136095523515,137082664968,11,-1.20457,-118.235,4,8.685e+08,0,1,0,
288,1,163729075262,163801014519,7,9.7947,-107.236,4,8.685e+08,0,1,0,
47,1,191699705430,192152318556,10,-5.18768,-122.219,4,8.685e+08,0,1,0,
272,1,400531527072,400603466284,7,-0.00134607,-117.032,4,8.685e+08,0,1,0,
306,1,216136702410,216383490936,9,2.57669,-114.454,4,8.685e+08,0,1,0,
107,1,397775398255,398228011563,10,-1.79423,-118.825,4,8.685e+08,0,1,0,
313,1,398044067769,398116006751,7,15.5059,-101.525,4,8.685e+08,0,1,0,
185,1,398549280469,399001893532,10,2.06063,-114.97,4,8.685e+08,0,1,0,
252,1,404489166563,404561105992,7,6.70617,-110.325,4,8.685e+08,0,1,0,
309,1,15861153588,16313766420,10,6.19855,-110.832,4,8.685e+08,0,1,0,
304,1,250226611022,250298550327,7,11.1075,-105.923,4,8.685e+08,0,1,0,
26,1,247747881639,248200494418,10,3.3481,-113.683,4,8.685e+08,0,1,0,
363,1,244973696693,245045634131,7,21.337,-95.6939,4,8.685e+08,0,1,0,
278,1,243132985481,243204923949,7,-0.182009,-117.213,4,8.681e+08,1,1,0,
233,1,242937501308,243009439871,7,9.46386,-107.567,4,8.685e+08,0,1,0,
362,1,241175180432,241627793285,10,1.62687,-115.404,4,8.685e+08,0,1,0,
131,1,241035306554,241168942661,8,8.92768,-108.103,4,8.681e+08,1,1,0,
354,1,240281081437,240353020551,7,13.4041,-103.627,4,8.685e+08,0,1,0,
110,1,236700266347,236772204455,7,21.7344,-95.2965,4,8.685e+08,0,1,0,
24,1,232650922796,232722861386,7,11.5086,-105.522,4,8.685e+08,0,1,0,
314,1,229991293829,230063232083,7,22.0845,-94.9464,4,8.685e+08,0,1,0,
263,1,253360743439,254347884753,11,-1.44516,-118.476,4,8.681e+08,1,1,0,
4,1,232265864013,232337801348,7,29.8384,-87.1925,4,8.685e+08,0,1,0,
244,1,228388853405,228841466706,10,1.02452,-116.006,4,8.685e+08,0,1,0,
319,1,228626134232,229078747517,10,-8.28133,-125.312,4,8.681e+08,1,1,0,
49,1,219414611263,219548246944,8,4.3198,-112.711,4,8.685e+08,0,1,0,
195,1,214038777323,214110716005,7,16.9839,-100.047,4,8.685e+08,0,1,0,
98,1,12199364784,12271303630,7,13.3822,-103.649,4,8.685e+08,0,1,0,
177,1,440039195615,440285983839,9,5.69051,-111.34,4,8.681e+08,1,1,0,
293,1,16385234239,16457172233,7,18.1057,-98.9252,4,8.681e+08,1,1,0,
297,1,18429319391,18501256986,7,22.933,-94.0979,4,8.685e+08,0,1,0,
45,1,22775967386,23763109000,11,-0.270464,-117.301,4,8.685e+08,0,1,0,
65,1,23108213806,23560827104,10,9.20218,-107.829,4,8.685e+08,0,1,0,
369,1,24222142808,24294082379,7,6.7514,-110.279,4,8.685e+08,0,1,0,
299,1,25042368399,25114307604,7,5.05213,-111.979,4,8.685e+08,0,1,0,
279,1,27771876961,28759018520,11,4.34597,-112.685,4,8.685e+08,0,1,0,
350,1,26984821747,27056760336,7,18.7588,-98.2721,4,8.685e+08,0,1,0,
56,1,27307045758,27553833974,9,-10.703,-127.734,4,8.685e+08,0,1,0,
95,1,28907660435,29360273194,10,-0.000201441,-117.031,4,8.685e+08,0,1,0,
25,1,48104530351,48351318928,9,-0.365906,-117.397,4,8.685e+08,0,1,0,
260,1,50550852277,50622789146,7,39.045,-77.9859,4,8.685e+08,0,1,0,
154,1,50624741607,50871529827,9,4.74611,-112.285,4,8.685e+08,0,1,0,
281,1,52733030750,52866666637,8,-10.3327,-127.364,4,8.685e+08,0,1,0,
364,1,57827653668,57899593045,7,14.6613,-102.37,4,8.685e+08,0,1,0,
376,1,60097478689,60169417946,7,12.5143,-104.517,4,8.685e+08,0,1,0,
302,1,59519613157,59972226206,10,5.34977,-111.681,4,8.685e+08,0,1,0,
160,1,59806988565,59878928105,7,2.9248,-114.106,4,8.685e+08,0,1,0,
319,1,60350310764,60802924049,10,3.41321,-113.618,4,8.685e+08,0,1,0,
389,1,69162140916,69234079616,7,16.6177,-100.413,4,8.681e+08,1,1,0,
347,1,60517277445,60969890574,10,2.43675,-114.594,4,8.685e+08,0,1,0,
273,1,69765316143,70217929295,10,1.64694,-115.384,4,8.685e+08,0,1,0,
162,1,75332932898,75785545958,10,-14.4057,-131.437,4,8.685e+08,0,1,0,
303,1,69970947708,70042885689,7,22.5062,-94.5247,4,8.685e+08,0,1,0,
105,1,72522146694,72768935253,9,2.35025,-114.681,4,8.685e+08,0,1,0,
228,1,81161407736,81233345647,7,15.7016,-101.329,4,8.685e+08,0,1,0,
71,1,79634176624,79706115487,7,10.6948,-106.336,4,8.685e+08,0,1,0,
259,1,80733753627,80980542158,9,-2.74845,-119.779,4,8.685e+08,0,1,0,
238,1,81851756066,81985392009,8,6.1434,-110.888,4,8.685e+08,0,1,0,
89,1,83201836316,83273775820,7,10.5863,-106.445,4,8.685e+08,0,1,0,
101,1,83345536342,83798149326,10,-2.38239,-119.413,4,8.685e+08,0,1,0,
343,1,83948595194,84020534787,7,13.8897,-103.141,4,8.685e+08,0,1,0,
216,1,84354768997,84426707951,7,16.8275,-100.203,4,8.685e+08,0,1,0,
295,1,85087524899,85334313252,9,6.10708,-110.924,4,8.685e+08,0,1,0,
11,1,85337994786,85409933678,7,10.0761,-106.955,4,8.685e+08,0,1,0,
234,1,87658529820,87730469390,7,5.83493,-111.196,4,8.685e+08,0,1,0,
326,1,89883064063,90129852561,9,1.33133,-115.7,4,8.685e+08,0,1,0,
210,1,91551152394,91684788243,8,3.12644,-113.904,4,8.685e+08,0,1,0,
186,1,401928870697,402062506432,8,1.56262,-115.468,4,8.685e+08,0,1,0,
42,1,402199013247,402332648940,8,-0.923863,-117.955,4,8.685e+08,0,1,0,
220,1,405558977750,405630916491,7,20.5954,-96.4355,4,8.685e+08,0,1,0,
295,1,407849578414,408096366767,9,4.35286,-112.678,4,8.681e+08,1,1,0,
90,1,408475382142,408547321120,7,8.76327,-108.268,4,8.685e+08,0,1,0,
68,1,409748260199,409995048714,9,6.37007,-110.661,4,8.685e+08,0,1,0,
99,1,408680117809,408752055520,7,26.2357,-90.7952,4,8.681e+08,1,1,0,
257,1,410624945958,410871734443,9,6.80135,-110.23,4,8.685e+08,0,1,0,
274,1,411131321396,411203260920,7,10.3872,-106.644,4,8.685e+08,0,1,0,
259,1,411876151694,412122940225,9,-0.862301,-117.893,4,8.681e+08,1,1,0,
177,1,412240336422,412487124646,9,5.60157,-111.429,4,8.685e+08,0,1,0,
389,1,413740930037,413812868737,7,16.4395,-100.591,4,8.685e+08,3,1,0,
21,1,414209297708,414661910979,10,1.28808,-115.743,4,8.685e+08,0,1,0,
147,1,416127031481,416373820035,9,3.91416,-113.117,4,8.685e+08,0,1,0,
324,1,417509547351,417581486796,7,3.50578,-113.525,4,8.685e+08,0,1,0,
44,1,417614729680,418601871173,11,-2.31226,-119.343,4,8.685e+08,0,1,0,
83,1,441015946704,441262735299,9,6.60304,-110.428,4,8.681e+08,2,1,0,
24,1,419922256487,419994195077,7,10.7428,-106.288,4,8.681e+08,1,1,0,
237,1,419417888866,419870501799,10,0.775787,-116.255,4,8.685e+08,0,1,0,
96,1,420357130750,420429070287,7,5.66217,-111.369,4,8.681e+08,1,1,0,
18,1,421869413871,421941352925,7,7.84891,-109.182,4,8.681e+08,1,1,0,
240,1,421149117071,421221055144,7,11.5165,-105.514,4,8.685e+08,0,1,0,
53,1,423824076372,424811217877,11,-0.719479,-117.75,4,8.685e+08,0,1,0,
102,1,425158605743,425230544640,7,4.83777,-112.193,4,8.681e+08,1,1,0,
99,1,426588156711,426660094422,7,30.8661,-86.1648,4,8.681e+08,2,1,0,
335,1,428294154602,428366093693,7,-7.18578,-124.217,4,8.685e+08,0,1,0,
133,1,430227497995,430299435640,7,29.8911,-87.1398,4,8.685e+08,0,1,0,
115,1,430831361844,430964997850,8,6.0323,-110.999,4,8.685e+08,0,1,0,
398,1,432679671496,433132284666,10,-1.44689,-118.478,4,8.685e+08,0,1,0,
206,1,432875239076,432947178435,7,10.6195,-106.411,4,8.685e+08,0,1,0,
7,1,433294662825,433541451247,9,-10.3522,-127.383,4,8.685e+08,0,1,0,
218,1,433193228205,433265167801,7,13.7939,-103.237,4,8.681e+08,1,1,0,
381,1,435572600188,435644538787,7,9.13712,-107.894,4,8.685e+08,0,1,0,
178,1,437913871721,438160660202,9,5.2271,-111.804,4,8.681e+08,2,1,0,
331,1,436471372430,436923985554,10,-3.6219,-120.653,4,8.685e+08,0,1,0,
232,1,440866113158,441318726438,10,5.07389,-111.957,4,8.681e+08,2,1,0,
77,1,443172228583,443419017068,9,3.8638,-113.167,4,8.685e+08,0,1,0,
153,1,442449216812,442582852562,8,8.02947,-109.001,4,8.685e+08,0,1,0,
259,1,443635785399,443882573930,9,0.126325,-116.905,4,8.681e+08,2,1,0,
261,1,445309797727,445381737130,7,14.587,-102.444,4,8.685e+08,0,1,0,
184,1,444291583358,444363522532,7,11.3274,-105.704,4,8.685e+08,0,1,0,
14,1,445342341138,445589129607,9,6.69618,-110.335,4,8.685e+08,0,1,0,
213,1,447818031243,447889968681,7,18.0592,-98.9717,4,8.685e+08,0,1,0,
26,1,447952376300,448404989079,10,7.26756,-109.763,4,8.681e+08,1,1,0,
22,1,451102321909,451174259795,7,20.6922,-96.3387,4,8.685e+08,0,1,0,
231,1,449048461831,449120400574,7,18.365,-98.6659,4,8.685e+08,0,1,0,
179,1,450040023925,450111961892,7,24.2475,-92.7834,4,8.685e+08,0,1,0,
3,1,452054391994,452507004995,10,-9.18207,-126.213,4,8.685e+08,0,1,0,
378,1,454550501254,455537642587,11,2.74659,-114.284,4,8.685e+08,0,1,0,
229,1,456064328864,456136267898,7,5.01423,-112.017,4,8.685e+08,0,1,0,
180,1,457779956696,458026745097,9,8.00017,-109.031,4,8.681e+08,1,1,0,
231,1,459627493650,459699432393,7,15.6955,-101.335,4,8.681e+08,1,1,0,
182,1,458378798250,458831411332,10,1.1301,-115.901,4,8.685e+08,0,1,0,
366,1,459946570114,460018507855,7,12.3476,-104.683,4,8.685e+08,0,1,0,
224,1,460139636459,460211573331,7,43.4054,-73.6255,4,8.681e+08,1,1,0,
243,1,461052611745,461505224717,10,6.24052,-110.79,4,8.685e+08,0,1,0,
174,1,463626931206,463873719466,9,8.24661,-108.784,4,8.685e+08,0,1,0,
312,1,465129345513,465201284756,7,-5.5516,-122.583,4,8.685e+08,0,1,0,
82,1,464402714436,464474651383,7,31.5137,-85.5172,4,8.685e+08,0,1,0,
330,1,465973864375,466220652675,9,8.55233,-108.479,4,8.685e+08,0,1,0,
116,1,466779815920,466851753803,7,24.3942,-92.6367,4,8.685e+08,0,1,0,
127,1,468439593761,468573229763,8,2.53297,-114.498,4,8.685e+08,0,1,0,
48,1,468568619756,468640559085,7,6.27563,-110.755,4,8.685e+08,0,1,0,
205,1,469929088443,470916229847,11,5.61359,-111.417,4,8.681e+08,1,1,0,
193,1,469983103280,470055041815,7,15.3972,-101.634,4,8.681e+08,1,1,0,
349,1,472312972490,472559760744,9,1.70687,-115.324,4,8.685e+08,0,1,0,
69,1,470183076309,470255014575,7,20.0853,-96.9456,4,8.685e+08,0,1,0,
321,1,470602711785,471589853382,11,-2.63843,-119.669,4,8.685e+08,0,1,0,
280,1,471150207668,471283843581,8,7.93874,-109.092,4,8.685e+08,0,1,0,
380,1,473068734705,474055876085,11,1.522,-115.509,4,8.685e+08,0,1,0,
342,1,475359968457,475431906685,7,20.1682,-96.8627,4,8.681e+08,1,1,0,
27,1,477157384187,477404172684,9,2.65642,-114.374,4,8.685e+08,0,1,0,
92,1,476279743730,476351682486,7,11.6437,-105.387,4,8.685e+08,0,1,0,
190,1,477833869017,478080657146,9,6.60657,-110.424,4,8.685e+08,0,1,0,
266,1,478082255498,478534868224,10,12.1022,-104.929,4,8.685e+08,0,1,0,
93,1,478673691499,478745629188,7,25.7022,-91.3287,4,8.685e+08,0,1,0,
341,1,479900298766,479972235629,7,34.0983,-82.9326,4,8.685e+08,0,1,0,
196,1,480853391245,480925330062,7,14.0573,-102.974,4,8.681e+08,2,1,0,
255,1,480903363011,480975301128,7,22.8082,-94.2227,4,8.685e+08,0,1,0,
228,1,487268898314,487340836225,7,15.1061,-101.925,4,8.681e+08,1,1,0,
370,1,483184171584,483256110031,7,15.6003,-101.431,4,8.681e+08,1,1,0,
202,1,483672147936,483744085103,7,31.1061,-85.9248,4,8.681e+08,1,1,0,
397,1,484818732949,485271346227,10,-1.38492,-118.416,4,8.681e+08,1,1,0,
2,1,485169766684,485416554854,9,-1.17073,-118.202,4,8.685e+08,0,1,0,
305,1,489223172105,489675785139,10,2.61376,-114.417,4,8.685e+08,0,1,0,
148,1,492718900648,492852536322,8,6.85011,-110.181,4,8.685e+08,0,1,0,
109,1,490363836362,490816449479,10,-0.48867,-117.52,4,8.685e+08,0,1,0,
111,1,490577241974,490649181574,7,8.08147,-108.949,4,8.685e+08,0,1,0,
42,1,493149408666,493283044359,8,5.49964,-111.531,4,8.681e+08,1,1,0,
145,1,494563025578,494696661489,8,-2.04666,-119.078,4,8.681e+08,1,1,0,
130,1,494545609631,494617546622,7,32.3488,-84.6821,4,8.685e+08,0,1,0,
91,1,494949805306,495083441023,8,11.8126,-105.218,4,8.685e+08,0,1,0,
15,1,499154898842,499607511840,10,9.75393,-107.277,4,8.681e+08,1,1,0,
300,1,495549298792,496001911592,10,-6.08437,-123.115,4,8.681e+08,1,1,0,
268,1,496403049019,496649837251,9,11.8094,-105.222,4,8.685e+08,0,1,0,
179,1,497253910823,497325848790,7,9.07142,-107.959,4,8.681e+08,1,1,0,
281,1,503576191315,503709827202,8,0.638246,-116.393,4,8.681e+08,2,1,0,
67,1,502231112137,502477900300,9,5.60438,-111.427,4,8.685e+08,0,1,0,
72,1,502664004768,502735943379,7,17.9951,-99.0358,4,8.685e+08,0,1,0,
291,1,499903711751,499975650706,7,9.51044,-107.52,4,8.681e+08,1,1,0,
168,1,506880560073,507333172902,10,1.67935,-115.352,4,8.681e+08,1,1,0,
175,1,507809428895,507943064826,8,1.6147,-115.416,4,8.685e+08,0,1,0,
128,1,510311033163,510444668784,8,11.285,-105.746,4,8.685e+08,0,1,0,
108,1,512597648981,512669587831,7,11.5446,-105.486,4,8.685e+08,0,1,0,
333,1,512863345434,513110133760,9,0.534914,-116.496,4,8.685e+08,0,1,0,
172,1,516175950674,516628563530,10,4.53276,-112.498,4,8.685e+08,0,1,0,
211,1,513762197639,513834135871,7,19.3041,-97.7268,4,8.685e+08,0,1,0,
115,1,517130833960,517264469966,8,4.814,-112.217,4,8.681e+08,1,1,0,
374,1,518904897816,518976835987,7,21.6582,-95.3727,4,8.685e+08,0,1,0,
149,1,520482687396,520554626660,7,9.78844,-107.242,4,8.685e+08,0,1,0,
48,1,520944550653,521016489982,7,7.68704,-109.344,4,8.681e+08,1,1,0,
159,1,521635477752,522088090690,10,-2.79883,-119.83,4,8.685e+08,0,1,0,
238,1,521844036369,521977672312,8,9.51679,-107.514,4,8.681e+08,2,1,0,
263,1,525185253963,526172395277,11,-0.21718,-117.248,4,8.681e+08,2,1,0,
348,1,525242809665,525489598162,9,4.42833,-112.603,4,8.685e+08,0,1,0,
222,1,529061392478,529133332046,7,11.4736,-105.557,4,8.681e+08,1,1,0,
154,1,527663813707,527910601927,9,4.53529,-112.496,4,8.681e+08,1,1,0,
386,1,528731682146,529184295252,10,6.18086,-110.85,4,8.685e+08,0,1,0,
35,1,528903314079,529150102659,9,-1.2459,-118.277,4,8.681e+08,1,1,0,
152,1,537885707337,538132495728,9,4.69645,-112.334,4,8.681e+08,1,1,0,
71,1,530615754369,530687693232,7,15.1602,-101.871,4,8.681e+08,2,1,0,
38,1,531348809498,531420748053,7,15.5409,-101.49,4,8.685e+08,0,1,0,
400,1,533631426309,533703364068,7,-5.12345,-122.154,4,8.685e+08,0,1,0,
200,1,537128193705,537200131024,7,27.2379,-89.793,4,8.685e+08,0,1,0,
247,1,539005860471,539993001997,11,1.03049,-116,4,8.685e+08,0,1,0,
259,1,539178616287,539425404818,9,7.56689,-109.464,4,8.685e+08,3,1,0,
194,1,540036935193,540108872663,7,28.4283,-88.6026,4,8.685e+08,0,1,0,
214,1,540249469087,540383104730,8,6.36216,-110.669,4,8.685e+08,0,1,0,
296,1,547245162756,547317099816,7,21.785,-95.2459,4,8.681e+08,1,1,0,
2,1,541592556291,541839344461,9,-0.803158,-117.834,4,8.681e+08,1,1,0,
128,1,542597470654,542731106275,8,7.93303,-109.098,4,8.681e+08,1,1,0,
26,1,549405895632,549858508411,10,3.56845,-113.462,4,8.681e+08,2,1,0,
88,1,550177195174,550629807914,10,5.8843,-111.147,4,8.685e+08,0,1,0,
383,1,550448823500,550695611987,9,7.81888,-109.212,4,8.685e+08,0,1,0,
321,1,569316311795,570303453392,11,-2.93107,-119.962,4,8.681e+08,1,1,0,
143,1,557009370275,557081309355,7,12.6646,-104.366,4,8.685e+08,0,1,0,
117,1,562181355481,562314991391,8,9.85805,-107.173,4,8.685e+08,0,1,0,
254,1,557526410604,557598350195,7,12.7227,-104.308,4,8.681e+08,1,1,0,
286,1,558939704564,559186492940,9,-4.32216,-121.353,4,8.685e+08,0,1,0,
299,1,559568461145,559640400350,7,7.0788,-109.952,4,8.681e+08,1,1,0,
319,1,562529797201,562982410486,10,-12.3261,-129.357,4,8.685e+08,3,1,0,
201,1,562686236594,562758175218,7,11.6807,-105.35,4,8.685e+08,0,1,0,
346,1,563197670903,563269609167,7,15.3417,-101.689,4,8.681e+08,2,1,0,
285,1,565551896606,565623834769,7,12.3545,-104.676,4,8.685e+08,0,1,0,
126,1,566852005288,567098793771,9,-3.55111,-120.582,4,8.685e+08,0,1,0,
23,1,565848885555,565982521475,8,2.45068,-114.58,4,8.685e+08,0,1,0,
199,1,566183345495,567170487082,11,-1.96288,-118.994,4,8.681e+08,1,1,0,
166,1,568092014950,568163952073,7,32.3004,-84.7305,4,8.681e+08,1,1,0,
123,1,568379402864,568451340890,7,24.0519,-92.979,4,8.685e+08,0,1,0,
126,1,591530405298,591777193781,9,5.38137,-111.65,4,8.681e+08,1,1,0,
397,1,572069645924,572522259202,10,4.55348,-112.477,4,8.681e+08,2,1,0,
33,1,576331084621,576403022398,7,26.3633,-90.6676,4,8.685e+08,0,1,0,
277,1,579378868144,579512504201,8,2.55455,-114.476,4,8.685e+08,0,1,0,
50,1,576706006595,577158619827,10,-1.15524,-118.186,4,8.681e+08,1,1,0,
395,1,577893856178,577965794130,7,19.9054,-97.1255,4,8.685e+08,0,1,0,
382,1,579907270051,580894411645,11,-1.47525,-118.506,4,8.685e+08,0,1,0,
315,1,582739547746,582811486261,7,17.0078,-100.023,4,8.681e+08,2,1,0,
155,1,582790840683,583243453593,10,5.49295,-111.538,4,8.685e+08,0,1,0,
183,1,583590317039,584042929721,10,-0.17249,-117.203,4,8.685e+08,0,1,0,
146,1,586521404180,586593341974,7,23.2307,-93.8002,4,8.685e+08,0,1,0,
264,1,591439008000,591510946648,7,2.07759,-114.953,4,8.685e+08,0,1,0,
112,1,588353907405,588600695862,9,7.15513,-109.876,4,8.685e+08,0,1,0,
117,1,589132832376,589266468286,8,6.56938,-110.462,4,8.681e+08,1,1,0,
117,1,602496032386,602629668296,8,8.46812,-108.563,4,8.681e+08,2,1,0,
236,1,592992074988,593064012360,7,18.5657,-98.4652,4,8.685e+08,0,1,0,
86,1,595491642957,595625278666,8,-1.57866,-118.61,4,8.685e+08,0,1,0,
357,1,600745102721,600991891100,9,1.11576,-115.915,4,8.681e+08,1,1,0,
327,1,599203851427,599337487250,8,7.66644,-109.364,4,8.685e+08,0,1,0,
384,1,599505698024,599958311302,10,-5.52599,-122.557,4,8.685e+08,0,1,0,
271,1,601331180734,601783793447,10,2.6566,-114.374,4,8.685e+08,0,1,0,
13,1,603378244262,603511880129,8,11.5265,-105.504,4,8.685e+08,0,1,0,
132,1,605460794423,605532732193,7,19.9729,-97.058,4,8.685e+08,0,1,0,
226,1,605008839332,605080776720,7,24.9863,-92.0446,4,8.685e+08,0,1,0,
304,1,606116202336,606188141641,7,10.8925,-106.138,4,8.681e+08,1,1,0,
62,1,605463305809,605915918748,10,-0.972894,-118.004,4,8.685e+08,0,1,0,
166,1,609332424913,609404362036,7,25.1628,-91.8681,4,8.681e+08,2,1,0,
81,1,614761771272,615008559460,9,8.65679,-108.374,4,8.681e+08,1,1,0,
61,1,610500776047,611487917422,11,-1.54689,-118.578,4,8.685e+08,0,1,0,
165,1,611136971916,611589584953,10,-0.796682,-117.828,4,8.685e+08,0,1,0,
66,1,616758128383,617210741401,10,1.40084,-115.63,4,8.681e+08,2,1,0,
97,1,622104187151,622556800010,10,0.123512,-116.907,4,8.685e+08,0,1,0,
352,1,618525662332,618597600183,7,22.8653,-94.1656,4,8.685e+08,0,1,0,
130,1,620219454308,620291391299,7,31.4578,-85.5731,4,8.681e+08,1,1,0,
272,1,622924173091,622996112303,7,14.0054,-103.026,4,8.681e+08,1,1,0,
322,1,622969798906,623956940239,11,-3.69626,-120.727,4,8.685e+08,0,1,0,
84,1,621793915735,621865855317,7,12.863,-104.168,4,8.685e+08,0,1,0,
36,1,623881288508,624333901439,10,-3.72635,-120.757,4,8.685e+08,0,1,0,
292,1,626141531804,626594144761,10,-10.8496,-127.88,4,8.681e+08,1,1,0,
39,1,626900801043,627034436814,8,4.55993,-112.471,4,8.685e+08,0,1,0,
258,1,626325870016,626459505900,8,5.3755,-111.655,4,8.685e+08,0,1,0,
230,1,630571286124,630643225635,7,9.06505,-107.966,4,8.681e+08,1,1,0,
289,1,627107879659,627179817987,7,21.4057,-95.6252,4,8.685e+08,0,1,0,
387,1,628987210144,629233998306,9,3.72933,-113.302,4,8.681e+08,1,1,0,
341,1,630393219206,630465156069,7,40.5299,-76.501,4,8.681e+08,1,1,0,
215,1,631125297042,632112438470,11,-1.1818,-118.213,4,8.685e+08,0,1,0,
287,1,631310754873,631382694156,7,14.1797,-102.851,4,8.685e+08,0,1,0,
372,1,631134560554,631206498923,7,13.3822,-103.649,4,8.685e+08,0,1,0,
67,1,632125290215,632372078378,9,-6.5813,-123.612,4,8.681e+08,1,1,0,
150,1,633540245503,633992858190,10,1.27076,-115.76,4,8.685e+08,0,1,0,
316,1,632377174742,632623963333,9,-8.06684,-125.098,4,8.685e+08,0,1,0,
262,1,639750246319,639822185446,7,2.87983,-114.151,4,8.685e+08,0,1,0,
120,1,633929706809,634916848444,11,-2.71723,-119.748,4,8.681e+08,1,1,0,
348,1,636718601665,636965390162,9,-1.60125,-118.632,4,8.681e+08,1,1,0,
307,1,637144955221,637278591045,8,8.95509,-108.076,4,8.685e+08,0,1,0,
282,1,638333764126,639320905632,11,7.34867,-109.682,4,8.685e+08,0,1,0,
180,1,639156507718,639403296119,9,4.6017,-112.429,4,8.681e+08,2,1,0,
121,1,639966535809,640213323939,9,8.10375,-108.927,4,8.685e+08,0,1,0,
361,1,642620914854,643608056209,11,-9.11813,-126.149,4,8.685e+08,0,1,0,
161,1,641383572213,641455509613,7,24.5919,-92.439,4,8.685e+08,0,1,0,
351,1,642099278485,642346067147,9,-0.894015,-117.925,4,8.685e+08,0,1,0,
367,1,643309928116,643762541204,10,1.39798,-115.633,4,8.685e+08,0,1,0,
283,1,643851771243,644304384421,10,-2.26424,-119.295,4,8.685e+08,0,1,0,
244,1,645858352377,646310965678,10,4.11806,-112.913,4,8.681e+08,1,1,0,
337,1,648754882165,648826821598,7,-2.17405,-119.205,4,8.681e+08,1,1,0,
204,1,646907106084,647894247655,11,-2.83505,-119.866,4,8.681e+08,1,1,0,
275,1,647476997682,647723785870,9,9.08937,-107.942,4,8.685e+08,0,1,0,
185,1,650273047515,650725660578,10,4.36673,-112.664,4,8.681e+08,1,1,0,
188,1,651555879899,651689515601,8,-1.20262,-118.234,4,8.685e+08,0,1,0,
138,1,650804193804,651791335119,11,-2.5341,-119.565,4,8.685e+08,0,1,0,
187,1,650917772453,650989709590,7,29.6057,-87.4252,4,8.685e+08,0,1,0,
295,1,653760558066,654007346419,9,6.76707,-110.264,4,8.681e+08,2,1,0,
134,1,655176565022,655248503655,7,15.5279,-101.503,4,8.685e+08,0,1,0,
235,1,654442994161,654895606857,10,-1.24402,-118.275,4,8.681e+08,2,1,0,
12,1,658421376950,658873989793,10,-0.194734,-117.226,4,8.681e+08,1,1,0,
164,1,656458512802,656530452118,7,9.57128,-107.46,4,8.685e+08,0,1,0,
125,1,658656109283,658728048182,7,15.6417,-101.389,4,8.685e+08,0,1,0,
225,1,658963915916,659097551804,8,14.3941,-102.637,4,8.685e+08,0,1,0,
311,1,664704163193,664950951511,9,5.2761,-111.755,4,8.681e+08,2,1,0,
347,1,665745070635,666197683764,10,-5.93059,-122.961,4,8.681e+08,1,1,0,
150,1,678801045513,679253658200,10,0.507232,-116.524,4,8.681e+08,1,1,0,
298,1,665410815479,666397957064,11,-1.53759,-118.568,4,8.685e+08,0,1,0,
338,1,665652237603,666104850863,10,0.581315,-116.45,4,8.685e+08,0,1,0,
167,1,669096766294,669168705742,7,14.612,-102.419,4,8.685e+08,0,1,0,
318,1,667046244367,668033385805,11,-5.1439,-122.175,4,8.681e+08,1,1,0,
74,1,668013269239,668085207837,7,19.2937,-97.7372,4,8.681e+08,1,1,0,
43,1,668287956520,668359895712,7,6.15983,-110.871,4,8.685e+08,0,1,0,
108,1,671179020791,671250959641,7,12.8002,-104.231,4,8.681e+08,1,1,0,
32,1,670209681756,670281620636,7,9.63485,-107.396,4,8.685e+08,0,1,0,
258,1,671070070348,671203706232,8,4.86524,-112.166,4,8.681e+08,1,1,0,
325,1,671886628585,671958567691,7,3.13224,-113.899,4,8.685e+08,0,1,0,
12,1,703682176960,704134789803,10,0.0203363,-117.011,4,8.681e+08,2,1,0,
137,1,673521538659,674508680078,11,6.67593,-110.355,4,8.685e+08,0,1,0,
292,1,672743165519,673195778476,10,0.765557,-116.265,4,8.681e+08,2,1,0,
78,1,677282050362,678269191862,11,-6.31831,-123.349,4,8.685e+08,0,1,0,
94,1,673817341807,673889280868,7,5.62945,-111.401,4,8.681e+08,1,1,0,
61,1,709214376057,710201517432,11,-0.419412,-117.45,4,8.681e+08,1,1,0,
320,1,681619319510,681691259011,7,5.90236,-111.129,4,8.685e+08,0,1,0,
239,1,678058811887,678305600241,9,4.22947,-112.801,4,8.685e+08,3,1,0,
189,1,678276148485,678728761452,10,1.04304,-115.988,4,8.685e+08,0,1,0,
276,1,679889897432,680023533326,8,12.151,-104.88,4,8.681e+08,1,1,0,
133,1,681367497902,681439435547,7,23.9733,-93.0576,4,8.681e+08,1,1,0,
393,1,683089430966,683161370503,7,5.57739,-111.454,4,8.685e+08,0,1,0,
242,1,683630113200,683702050537,7,25.8114,-91.2195,4,8.685e+08,0,1,0,
362,1,685952235990,686404848843,10,11.0993,-105.932,4,8.681e+08,1,1,0,
276,1,693253097442,693386733336,8,5.4844,-111.546,4,8.681e+08,2,1,0,
332,1,686442450727,686514389152,7,15.9398,-101.091,4,8.685e+08,0,1,0,
159,1,687872085060,688324697998,10,-4.07584,-121.107,4,8.681e+08,1,1,0,
52,1,687703710292,687950498507,9,-0.0411863,-117.072,4,8.685e+08,0,1,0,
44,1,689895312240,690882453733,11,-1.02736,-118.058,4,8.681e+08,1,1,0,
24,1,689345523646,689417462236,7,17.5378,-99.4931,4,8.681e+08,2,1,0,
331,1,692991866926,693444480050,10,4.40258,-112.628,4,8.681e+08,1,1,0,
54,1,690969081406,691102717217,8,2.31938,-114.712,4,8.681e+08,1,1,0,
221,1,692462803258,692915416289,10,6.68655,-110.344,4,8.681e+08,1,1,0,
212,1,694151104722,694603717949,10,-7.48239,-124.513,4,8.685e+08,0,1,0,
115,1,693719631402,693853267408,8,10.5349,-106.496,4,8.681e+08,2,1,0,
329,1,694703405615,694950193807,9,11.6947,-105.336,4,8.685e+08,0,1,0,
231,1,697659347660,697731286403,7,14.1248,-102.906,4,8.681e+08,2,1,0,
302,1,695735402632,696188015681,10,4.07066,-112.96,4,8.681e+08,1,1,0,
161,1,698459876981,698531814381,7,33.1314,-83.8995,4,8.681e+08,1,1,0,
201,1,699175948382,699247887006,7,23.4209,-93.61,4,8.681e+08,1,1,0,
399,1,701411875387,701864488426,10,0.779869,-116.251,4,8.685e+08,0,1,0,
37,1,703377593547,704364735123,11,0.222995,-116.808,4,8.685e+08,0,1,0,
92,1,702546623707,702618562463,7,19.8634,-97.1675,4,8.681e+08,1,1,0,
110,1,704494642584,704566580692,7,22.8074,-94.2235,4,8.681e+08,1,1,0,
191,1,705108034867,705241670589,8,13.0517,-103.979,4,8.681e+08,1,1,0,
379,1,705439990091,705892602910,10,-3.21876,-120.25,4,8.685e+08,0,1,0,
75,1,706014298343,706466911636,10,-7.17935,-124.21,4,8.685e+08,0,1,0,
318,1,765759844377,766746985815,11,1.72649,-115.304,4,8.681e+08,2,1,0,
170,1,706146491523,706218430105,7,13.9574,-103.074,4,8.685e+08,0,1,0,
379,1,750700790101,751153402920,10,9.35486,-107.676,4,8.681e+08,1,1,0,
310,1,707022941080,708010082412,11,-7.64571,-124.677,4,8.685e+08,0,1,0,
139,1,713231266856,713303205326,7,1.95691,-115.074,4,8.685e+08,0,1,0,
373,1,708844899032,708916838498,7,3.78075,-113.25,4,8.685e+08,0,1,0,
16,1,709595687090,709667625900,7,20.9126,-96.1183,4,8.685e+08,0,1,0,
151,1,712302417326,712549205625,9,-0.103418,-117.134,4,8.685e+08,0,1,0,
106,1,713440398536,713893011371,10,-2.18825,-119.219,4,8.685e+08,0,1,0,
96,1,715024798806,715096738343,7,1.0599,-115.971,4,8.681e+08,2,1,0,
160,1,714803672390,714875611930,7,0.771199,-116.26,4,8.681e+08,1,1,0,
240,1,715598279829,715670217902,7,15.3787,-101.652,4,8.681e+08,1,1,0,
85,1,717526106130,717598044380,7,20.3997,-96.6312,4,8.681e+08,1,1,0,
257,1,718762832796,719009621281,9,1.75994,-115.271,4,8.681e+08,1,1,0,
61,1,807927976067,808915117442,11,-6.93359,-123.964,4,8.681e+08,2,1,0,
203,1,719010067516,719082005504,7,12.5142,-104.517,4,8.685e+08,0,1,0,
46,1,719599824856,719733460883,8,11.0877,-105.943,4,8.681e+08,1,1,0,
20,1,720326303712,720398242137,7,21.2531,-95.7778,4,8.681e+08,1,1,0,
87,1,719874339172,720121127408,9,5.76082,-111.27,4,8.685e+08,0,1,0,
160,1,721997272400,722069211940,7,12.3493,-104.682,4,8.681e+08,2,1,0,
263,1,724487063553,725474204867,11,1.62063,-115.41,4,8.685e+08,3,1,0,
373,1,725640698023,725712637489,7,9.48653,-107.544,4,8.681e+08,1,1,0,
146,1,727159879879,727231817673,7,29.8193,-87.2116,4,8.681e+08,1,1,0,
234,1,728681838806,728753778376,7,4.99631,-112.035,4,8.681e+08,1,1,0,
334,1,730197866394,730444654857,9,10.8599,-106.171,4,8.681e+08,1,1,0,
116,1,730070995123,730142933006,7,20.5041,-96.5268,4,8.681e+08,1,1,0,
286,1,734039366508,734286154884,9,9.01774,-108.013,4,8.681e+08,1,1,0,
82,1,735708472145,735780409092,7,31.081,-85.9499,4,8.681e+08,1,1,0,
7,1,738178817863,738425606285,9,8.63736,-108.394,4,8.681e+08,1,1,0,
374,1,738921860949,738993799120,7,25.0308,-92.0001,4,8.681e+08,1,1,0,
289,1,739722762474,739794700802,7,18.7317,-98.2992,4,8.681e+08,1,1,0,
195,1,743033478276,743105416958,7,20.5294,-96.5015,4,8.681e+08,1,1,0,
34,1,740687484235,740934272847,9,-6.33196,-123.363,4,8.681e+08,1,1,0,
93,1,745588588576,745660526265,7,28.1826,-88.8483,4,8.681e+08,1,1,0,
141,1,747585852944,747832641482,9,5.68402,-111.347,4,8.681e+08,2,1,0,
11,1,742630171561,742702110453,7,19.217,-97.8139,4,8.681e+08,1,1,0,
390,1,751907260236,752894401572,11,3.855,-113.176,4,8.681e+08,1,1,0,
367,1,756293922655,756746535743,10,6.7518,-110.279,4,8.681e+08,1,1,0,
380,1,760560675263,761547816643,11,4.01193,-113.019,4,8.681e+08,1,1,0,
237,1,761615647449,762068260382,10,-5.14223,-122.173,4,8.681e+08,1,1,0,
60,1,761151554159,761223493584,7,14.1753,-102.856,4,8.681e+08,1,1,0,
348,1,767887344285,768134132782,9,5.90782,-111.123,4,8.681e+08,2,1,0,
277,1,775988919227,776122555284,8,9.93889,-107.092,4,8.681e+08,1,1,0,
185,1,769489666254,769942279317,10,-1.24841,-118.279,4,8.681e+08,2,1,0,
251,1,770201975306,771189116894,11,4.85831,-112.173,4,8.681e+08,2,1,0,
209,1,772437965668,773425107269,11,1.71671,-115.314,4,8.681e+08,2,1,0,
169,1,778171683823,778243620420,7,28.8944,-88.1365,4,8.681e+08,1,1,0,
121,1,778358441198,778605229328,9,6.19828,-110.833,4,8.681e+08,1,1,0,
59,1,778371277098,778823890225,10,0.303718,-116.727,4,8.685e+08,3,1,0,
165,1,781605706728,782058319765,10,5.8966,-111.134,4,8.681e+08,1,1,0,
363,1,779853539597,779925477035,7,33.2352,-83.7957,4,8.681e+08,2,1,0,
59,1,823632077108,824084690235,10,0.497949,-116.533,4,8.685e+08,4,1,0,
356,1,782648908367,782720847149,7,-2.84355,-119.874,4,8.681e+08,1,1,0,
273,1,785590726420,786043339572,10,2.16847,-114.862,4,8.681e+08,2,1,0,
400,1,789035157407,789107095166,7,24.6156,-92.4153,4,8.681e+08,1,1,0,
310,1,805736541090,806723682422,11,2.4442,-114.587,4,8.681e+08,1,1,0,
20,1,796199597075,796271535500,7,6.22286,-110.808,4,8.681e+08,2,1,0,
169,1,796599439286,796671375883,7,40.9731,-76.0578,4,8.681e+08,2,1,0,
160,1,801294398552,801366338092,7,7.6906,-109.34,4,8.685e+08,3,1,0,
154,1,804704342784,804951131004,9,4.15924,-112.872,4,8.681e+08,2,1,0,
355,1,805862760341,805934698170,7,21.4608,-95.5701,4,8.681e+08,2,1,0,
127,1,807630764064,807764400066,8,15.6186,-101.412,4,8.681e+08,1,1,0,
162,1,808014271723,808466884783,10,-5.9753,-123.006,4,8.681e+08,1,1,0,
43,1,823535108686,823607047878,7,13.0067,-104.024,4,8.681e+08,1,1,0,
3,1,818100063155,818552676156,10,2.85043,-114.18,4,8.681e+08,1,1,0,
208,1,821359065466,821492701508,8,5.92297,-111.108,4,8.681e+08,1,1,0,
129,1,826300567496,826372504040,7,39.4627,-77.5682,4,8.681e+08,1,1,0,
300,1,827012842667,827465455467,10,7.86341,-109.167,4,8.681e+08,2,1,0,
85,1,827381653227,827453591477,7,12.8442,-104.187,4,8.681e+08,2,1,0,
305,1,832662898686,833115511720,10,5.98602,-111.045,4,8.681e+08,1,1,0,
140,1,831420456647,831492395364,7,2.40659,-114.624,4,8.681e+08,1,1,0,
9,1,836393085589,836465024586,7,4.7097,-112.321,4,8.681e+08,1,1,0,
375,1,833069164050,833202799770,8,5.17829,-111.853,4,8.681e+08,1,1,0,
344,1,833830889929,834818031242,11,-2.75123,-119.782,4,8.681e+08,1,1,0,
47,1,843559167394,844011780520,10,-0.390126,-117.421,4,8.681e+08,1,1,0,
155,1,837595844640,838048457550,10,2.36403,-114.667,4,8.681e+08,1,1,0,
36,1,840237701588,840690314519,10,4.80419,-112.227,4,8.681e+08,1,1,0,
55,1,844417850922,845404992375,11,-1.20257,-118.233,4,8.681e+08,1,1,0,
127,1,848447524419,848581160421,8,-4.13731,-121.168,4,8.681e+08,2,1,0,
233,1,850074723509,850146662072,7,18.2233,-98.8076,4,8.681e+08,2,1,0,
246,1,850936786249,851389399417,10,1.07422,-115.957,4,8.681e+08,1,1,0,
302,1,850331490096,850784103145,10,6.11563,-110.915,4,8.681e+08,2,1,0,
143,1,854836766584,854908705664,7,5.20945,-111.821,4,8.681e+08,1,1,0,
388,1,855488125464,855940738322,10,4.85686,-112.174,4,8.681e+08,1,1,0,
77,1,856640375504,856887163989,9,4.63747,-112.393,4,8.681e+08,1,1,0,
164,1,856667391635,856739330951,7,1.818,-115.213,4,8.681e+08,1,1,0,
63,1,859202899125,859336534940,8,-6.06624,-123.097,4,8.681e+08,1,1,0,
265,1,859204125730,859450914063,9,0.297057,-116.734,4,8.681e+08,1,1,0,
185,1,865338977964,865791591027,10,-2.081,-119.112,4,8.685e+08,3,1,0,
3,1,863360863165,863813476166,10,-10.0932,-127.124,4,8.681e+08,2,1,0,
396,1,861524233468,861596172850,7,7.13744,-109.893,4,8.681e+08,1,1,0,
168,1,861565274566,862017887395,10,2.88705,-114.144,4,8.681e+08,2,1,0,
104,1,862006094583,862458707410,10,9.24604,-107.785,4,8.681e+08,1,1,0,
267,1,866097428014,866550041248,10,-2.46259,-119.493,4,8.681e+08,1,1,0,
373,1,873637838373,873709777839,7,8.35633,-108.675,4,8.681e+08,2,1,0,
201,1,870434340668,870506279292,7,11.737,-105.294,4,8.681e+08,2,1,0,
383,1,874482589567,874729378054,9,-0.11559,-117.146,4,8.681e+08,1,1,0,
275,1,878035305945,878282094133,9,7.72681,-109.304,4,8.681e+08,1,1,0,
6,1,875301558264,875548346874,9,1.86426,-115.167,4,8.681e+08,1,1,0,
60,1,878498053420,878569992845,7,9.65581,-107.375,4,8.681e+08,2,1,0,
389,1,881840674977,881912613677,7,2.18301,-114.848,4,8.685e+08,4,1,0,
326,1,887237668501,887484456999,9,5.27647,-111.754,4,8.681e+08,2,1,0,
204,1,943955270724,944942412295,11,-3.21625,-120.247,4,8.685e+08,3,1,0,
209,1,889154024044,890141165645,11,-6.21349,-123.244,4,8.685e+08,3,1,0,
342,1,890908874274,890980812502,7,7.83102,-109.2,4,8.681e+08,2,1,0,
300,1,894731165927,895183778727,10,0.277779,-116.753,4,8.685e+08,3,1,0,
171,1,898058573277,898130510301,7,17.743,-99.2879,4,8.681e+08,2,1,0,
26,1,896402235811,896854848590,10,8.56723,-108.464,4,8.685e+08,3,1,0,
78,1,899819000111,900806141611,11,1.41649,-115.614,4,8.681e+08,1,1,0,
162,1,904737006282,905189619342,10,2.9148,-114.116,4,8.681e+08,2,1,0,
55,1,943131450932,944118592385,11,5.52577,-111.505,4,8.681e+08,2,1,0,
347,1,907982473888,908435087017,10,-1.29084,-118.322,4,8.681e+08,2,1,0,
185,1,911744782386,912197395449,10,5.82546,-111.205,4,8.685e+08,4,1,0,
108,1,908474129817,908546068667,7,16.6664,-100.365,4,8.681e+08,2,1,0,
183,1,912560912662,913013525344,10,7.73006,-109.301,4,8.681e+08,1,1,0,
273,1,912143970984,912596584136,10,1.28682,-115.744,4,8.685e+08,3,1,0,
5,1,913379348186,913451285498,7,33.9845,-83.0464,4,8.681e+08,1,1,0,
58,1,915196555051,915268493862,7,12.5887,-104.442,4,8.681e+08,1,1,0,
110,1,914004696900,914076635008,7,8.26294,-108.768,4,8.681e+08,2,1,0,
141,1,919496379057,919743167595,9,3.32696,-113.704,4,8.685e+08,3,1,0,
228,1,915877198348,915949136259,7,20.6507,-96.3802,4,8.681e+08,2,1,0,
302,1,926089408014,926542021063,10,2.05193,-114.979,4,8.685e+08,3,1,0,
85,1,929584320367,929656258617,7,22.7611,-94.2698,4,8.685e+08,3,1,0,
33,1,930185677591,930257615368,7,27.2302,-89.8007,4,8.681e+08,1,1,0,
373,1,932752371240,932824310706,7,-7.78036,-124.811,4,8.685e+08,3,1,0,
9,1,935220076910,935292015907,7,8.09191,-108.939,4,8.681e+08,2,1,0,
126,1,937943933887,938190722370,9,1.50059,-115.53,4,8.681e+08,2,1,0,
283,1,936463083347,936915696525,10,-1.78852,-118.819,4,8.681e+08,1,1,0,
127,1,941067455624,941201091626,8,6.69049,-110.34,4,8.685e+08,3,1,0,
9,1,942413676920,942485615917,7,18.2674,-98.7635,4,8.685e+08,3,1,0,
91,1,943926814142,944060449859,8,-0.503669,-117.535,4,8.681e+08,1,1,0,
208,1,945985931713,946119567755,8,-0.911618,-117.943,4,8.681e+08,2,1,0,
338,1,946039453269,946492066529,10,8.09373,-108.937,4,8.681e+08,2,1,0,
151,1,946915626991,947162415290,9,6.95174,-110.079,4,8.681e+08,1,1,0,
190,1,949552235368,949799023497,9,-3.65592,-120.687,4,8.681e+08,1,1,0,
171,1,954202986778,954274923802,7,37.2107,-79.8202,4,8.685e+08,3,1,0,
176,1,950585752119,950719388213,8,7.4246,-109.606,4,8.681e+08,1,1,0,
347,1,953243273898,953695887027,10,2.93312,-114.098,4,8.685e+08,3,1,0,
158,1,954275550796,954522338938,9,4.33513,-112.696,4,8.681e+08,1,1,0,
62,1,954311170211,954763783150,10,2.74591,-114.285,4,8.681e+08,1,1,0,
295,1,954801644140,955048432493,9,4.79286,-112.238,4,8.685e+08,3,1,0,
362,1,960984610160,961437223013,10,3.95244,-113.078,4,8.681e+08,2,1,0,
43,1,956917147630,956989086822,7,11.3284,-105.703,4,8.681e+08,2,1,0,
195,1,964767586126,964839524808,7,16.2341,-100.797,4,8.681e+08,2,1,0,
27,1,961345373407,961592161904,9,3.24676,-113.784,4,8.681e+08,1,1,0,
370,1,969957520439,970029458886,7,5.91952,-111.111,4,8.681e+08,2,1,0,
100,1,967447964004,967581599747,8,11.1784,-105.853,4,8.681e+08,1,1,0,
324,1,968441762161,968513701606,7,10.34,-106.691,4,8.681e+08,1,1,0,
395,1,968736037437,968807975389,7,20.1575,-96.8734,4,8.681e+08,1,1,0,
340,1,971676685872,972663827262,11,-7.78267,-124.814,4,8.681e+08,1,1,0,
87,1,973024261503,973271049739,9,-0.182004,-117.213,4,8.681e+08,1,1,0,
184,1,976986357531,977058296705,7,12.374,-104.657,4,8.681e+08,1,1,0,
82,1,977589268098,977661205045,7,29.0246,-88.0063,4,8.681e+08,2,1,0,
139,1,978017477164,978089415634,7,17.2024,-99.8285,4,8.681e+08,1,1,0,
108,1,978412696284,978484635134,7,22.5528,-94.4781,4,8.685e+08,3,1,0,
131,1,979367680049,979501316156,8,10.9758,-106.055,4,8.681e+08,2,1,0,
125,1,979772010745,979843949644,7,17.9468,-99.0841,4,8.681e+08,1,1,0,
229,1,980635762679,980707701713,7,11.9137,-105.117,4,8.681e+08,1,1,0,
354,1,982300545973,982372485087,7,9.65985,-107.371,4,8.681e+08,1,1,0,
213,1,987417542151,987489479589,7,24.3024,-92.7285,4,8.681e+08,1,1,0,
278,1,988315480299,988387418767,7,7.40828,-109.623,4,8.685e+08,3,1,0,
322,1,990042398300,991029539633,11,5.05779,-111.973,4,8.681e+08,1,1,0,
302,1,982754768142,983207381191,10,-0.552401,-117.583,4,8.685e+08,4,1,0,
252,1,990407057448,990478996877,7,13.0993,-103.932,4,8.681e+08,1,1,0,
254,1,992951300704,993023240295,7,0.760254,-116.271,4,8.681e+08,2,1,0,
175,1,1001263179474,1001396815405,8,0.958577,-116.072,4,8.681e+08,1,1,0,
192,1,993088697032,993160634216,7,36.5133,-80.5176,4,8.681e+08,1,1,0,
201,1,995623649438,995695588062,7,7.98284,-109.048,4,8.685e+08,3,1,0,
174,1,999507666514,999754454774,9,8.3476,-108.683,4,8.681e+08,1,1,0,
390,1,1002571692466,1003558833802,11,1.02967,-116.001,4,8.681e+08,2,1,0,
196,1,1004094201974,1004166140791,7,4.70311,-112.328,4,8.685e+08,3,1,0,
284,1,1004310372953,1004557161598,9,-4.2423,-121.273,4,8.681e+08,1,1,0,
246,1,1008314106492,1008766719660,10,9.00984,-108.021,4,8.681e+08,2,1,0,
236,1,1011612318097,1011684255469,7,10.272,-106.759,4,8.681e+08,1,1,0,
212,1,1011671748130,1012124361357,10,-12.3451,-129.376,4,8.681e+08,1,1,0,
291,1,1013089784920,1013161723875,7,8.53525,-108.496,4,8.681e+08,2,1,0,
268,1,1021668858144,1021915646376,9,6.9424,-110.089,4,8.681e+08,1,1,0,
354,1,1021980512769,1022052451883,7,13.8665,-103.164,4,8.681e+08,2,1,0,
356,1,1022386712711,1022458651493,7,11.7475,-105.283,4,8.681e+08,2,1,0,
57,1,1026565621424,1026637558756,7,32.8617,-84.1692,4,8.685e+08,3,1,0,
92,1,1029953735382,1030025674138,7,19.6147,-97.4162,4,8.681e+08,2,1,0,
261,1,1030631574294,1030703513697,7,8.21734,-108.814,4,8.681e+08,1,1,0,
117,1,1034918672517,1035052308427,8,-8.97908,-126.01,4,8.685e+08,3,1,0,
5,1,1031751073042,1031823010354,7,24.5742,-92.4567,4,8.681e+08,2,1,0,
362,1,1036217382568,1036669995421,10,-13.3303,-130.361,4,8.685e+08,3,1,0,
66,1,1039426491998,1039879105016,10,-0.168294,-117.199,4,8.685e+08,3,1,0,
326,1,1038092574593,1038339363091,9,1.41944,-115.611,4,8.685e+08,3,1,0,
80,1,1040998334558,1041070271923,7,25.4537,-91.5772,4,8.681e+08,1,1,0,
259,1,1041154245409,1041401033940,9,7.1047,-109.926,4,8.685e+08,4,1,0,
155,1,1046358540656,1046811153566,10,-3.17017,-120.201,4,8.681e+08,2,1,0,
92,1,1048393827534,1048465766290,7,12.6125,-104.418,4,8.685e+08,3,1,0,
82,1,1049183671736,1049255608683,7,29.8519,-87.179,4,8.685e+08,3,1,0,
202,1,1056276516248,1056348453415,7,27.8245,-89.2064,4,8.681e+08,2,1,0,
184,1,1056925133106,1056997072280,7,4.6129,-112.418,4,8.681e+08,2,1,0,
173,1,1058336239416,1058408176826,7,26.5039,-90.527,4,8.681e+08,1,1,0,
279,1,1059707255714,1060694397273,11,-12.4184,-129.449,4,8.681e+08,1,1,0,
331,1,1059154758442,1059607371566,10,5.33684,-111.694,4,8.681e+08,2,1,0,
132,1,1060551014339,1060622952109,7,18.2737,-98.7572,4,8.681e+08,1,1,0,
224,1,1061061675865,1061133612737,7,37.5017,-79.5292,4,8.681e+08,2,1,0,
235,1,1061625904300,1062078516996,10,6.25998,-110.771,4,8.685e+08,3,1,0,
401,1,1067111139061,1067244774784,8,7.69802,-109.333,4,8.681e+08,2,1,0,
362,1,1081478182578,1081930795431,10,-9.08039,-126.111,4,8.685e+08,4,1,0,
289,1,1070853731695,1070925670023,7,21.1086,-95.9223,4,8.681e+08,2,1,0,
329,1,1068366198223,1068612986415,9,7.27646,-109.754,4,8.681e+08,1,1,0,
46,1,1066717614408,1066851250435,8,3.22739,-113.804,4,8.681e+08,2,1,0,
213,1,1069041758829,1069113696267,7,34.8268,-82.2041,4,8.681e+08,2,1,0,
202,1,1074211356168,1074283293335,7,30.6004,-86.4305,4,8.685e+08,3,1,0,
379,1,1074605983870,1075058596689,10,1.2525,-115.778,4,8.681e+08,2,1,0,
273,1,1076161436631,1076614049783,10,1.91598,-115.115,4,8.685e+08,4,1,0,
305,1,1078761721255,1079214334289,10,8.91945,-108.111,4,8.681e+08,2,1,0,
269,1,1080566687609,1080813476232,9,3.56645,-113.464,4,8.681e+08,2,1,0,
249,1,1081009720066,1081996861391,11,-0.240263,-117.271,4,8.681e+08,2,1,0,
48,1,1082154012891,1082225952220,7,16.6551,-100.376,4,8.681e+08,2,1,0,
239,1,1088183999962,1088430788316,9,10.2707,-106.76,4,8.685e+08,4,1,0,
316,1,1087327242417,1087574031008,9,5.93572,-111.095,4,8.681e+08,1,1,0,
146,1,1094072070569,1094144008363,7,18.6426,-98.3883,4,8.681e+08,2,1,0,
341,1,1091027233894,1091099170757,7,30.7996,-86.2313,4,8.681e+08,2,1,0,
339,1,1094736533903,1094808472945,7,12.6201,-104.411,4,8.681e+08,2,1,0,
390,1,1101285292476,1102272433812,11,0.659762,-116.371,4,8.685e+08,3,1,0,
323,1,1095679567675,1095751505255,7,28.9194,-88.1115,4,8.681e+08,1,1,0,
355,1,1097230119280,1097302057109,7,20.3442,-96.6867,4,8.685e+08,3,1,0,
285,1,1104665212096,1104737150259,7,7.70802,-109.323,4,8.681e+08,1,1,0,
331,1,1104415558452,1104868171576,10,-0.282704,-117.314,4,8.685e+08,3,1,0,
250,1,1105385092344,1105457031033,7,-0.605354,-117.636,4,8.681e+08,1,1,0,
138,1,1105909148619,1106896289934,11,-1.25227,-118.283,4,8.681e+08,1,1,0,
265,1,1106699019218,1106945807551,9,0.681528,-116.349,4,8.681e+08,2,1,0,
392,1,1109667928116,1109739866701,7,17.3608,-99.6701,4,8.681e+08,2,1,0,
232,1,1108629235258,1109081848538,10,-8.18358,-125.214,4,8.685e+08,3,1,0,
164,1,1113842666334,1113914605650,7,4.18996,-112.841,4,8.681e+08,2,1,0,
144,1,1111946517582,1112018455450,7,22.9107,-94.1202,4,8.681e+08,1,1,0,
376,1,1113376352196,1113448291453,7,11.3199,-105.711,4,8.681e+08,2,1,0,
256,1,1115415730796,1115487669995,7,9.50546,-107.525,4,8.681e+08,1,1,0,
221,1,1114841717634,1115294330665,10,-4.0696,-121.101,4,8.681e+08,2,1,0,
377,1,1115844181460,1115916120389,7,16.7311,-100.3,4,8.681e+08,1,1,0,
141,1,1117613823064,1117860611602,9,1.01455,-116.016,4,8.685e+08,4,1,0,
90,1,1117769121957,1117841060935,7,15.3027,-101.728,4,8.681e+08,1,1,0,
307,1,1120217188954,1120350824778,8,4.71147,-112.319,4,8.681e+08,1,1,0,
127,1,1120405495460,1120539131462,8,11.0432,-105.988,4,8.685e+08,4,1,0,
377,1,1123037781470,1123109720399,7,14.8286,-102.202,4,8.681e+08,2,1,0,
310,1,1120830122255,1121817263587,11,5.61588,-111.415,4,8.681e+08,2,1,0,
107,1,1123164255524,1123616868832,10,-8.01131,-125.042,4,8.681e+08,1,1,0,
8,1,1122951074121,1123197862430,9,9.8932,-107.138,4,8.681e+08,1,1,0,
130,1,1129049693331,1129121630322,7,30.898,-86.1329,4,8.681e+08,2,1,0,
260,1,1126821898586,1126893835455,7,29.5056,-87.5253,4,8.681e+08,1,1,0,
259,1,1132769773385,1133016561916,9,3.85693,-113.174,4,8.683e+08,5,1,0,
355,1,1129494144790,1129566082619,7,22.3365,-94.6944,4,8.685e+08,4,1,0,
369,1,1129854472102,1129926411673,7,13.6829,-103.348,4,8.681e+08,1,1,0,
210,1,1133392819706,1133526455555,8,3.92585,-113.105,4,8.681e+08,2,1,0,
283,1,1136524149454,1136976762632,10,2.22415,-114.807,4,8.681e+08,2,1,0,
270,1,1137333186002,1137405123540,7,27.5756,-89.4553,4,8.681e+08,1,1,0,
29,1,1140308556421,1140761169349,10,2.03036,-115.001,4,8.681e+08,1,1,0,
120,1,1140522179815,1141509321450,11,3.91073,-113.12,4,8.681e+08,2,1,0,
84,1,1144772623717,1144844563299,7,3.54023,-113.491,4,8.681e+08,1,1,0,
160,1,1141354340879,1141426280419,7,3.22279,-113.808,4,8.685e+08,4,1,0,
72,1,1142506601932,1142578540543,7,13.2504,-103.78,4,8.681e+08,1,1,0,
97,1,1143246068983,1143698681842,10,7.76931,-109.262,4,8.681e+08,1,1,0,
273,1,1154143636999,1154596250151,10,-8.18131,-125.212,4,8.683e+08,5,1,0,
246,1,1153362973567,1153815586735,10,3.26213,-113.769,4,8.685e+08,3,1,0,
293,1,1154646737536,1154718675530,7,18.2231,-98.8078,4,8.681e+08,2,1,0,
347,1,1156677090212,1157129703341,10,-0.822614,-117.854,4,8.685e+08,4,1,0,
164,1,1157484795708,1157556735024,7,12.186,-104.845,4,8.685e+08,3,1,0,
318,1,1158435467715,1159422609153,11,8.16353,-108.867,4,8.685e+08,3,1,0,
219,1,1166011357773,1166144993804,8,7.51361,-109.517,4,8.681e+08,1,1,0,
273,1,1199404437009,1199857050161,10,0.946473,-116.084,4,8.685e+08,6,1,0,
377,1,1168963355215,1169035294144,7,16.1572,-100.874,4,8.685e+08,3,1,0,
256,1,1169597979103,1169669918302,7,9.09096,-107.94,4,8.681e+08,2,1,0,
46,1,1173012467653,1173146103680,8,2.88857,-114.142,4,8.685e+08,3,1,0,
130,1,1176810484653,1176882421644,7,35.3987,-81.6322,4,8.685e+08,3,1,0,
396,1,1174468279439,1174540218821,7,7.8706,-109.16,4,8.681e+08,2,1,0,
363,1,1184295686726,1184367624164,7,22.0616,-94.9693,4,8.685e+08,3,1,0,
306,1,1177036879763,1177283668289,9,-3.2439,-120.275,4,8.681e+08,1,1,0,
356,1,1184773129122,1184845067904,7,13.3242,-103.707,4,8.685e+08,3,1,0,
114,1,1186661341465,1186733278641,7,29.1857,-87.8452,4,8.681e+08,1,1,0,
229,1,1188198769077,1188270708111,7,16.3466,-100.684,4,8.681e+08,2,1,0,
304,1,1190340714329,1190412653634,7,0.721205,-116.31,4,8.681e+08,2,1,0,
200,1,1186421656148,1186493593467,7,20.1201,-96.9108,4,8.681e+08,1,1,0,
394,1,1192208093342,1192660706137,10,-1.27434,-118.305,4,8.685e+08,3,1,0,
376,1,1193176681426,1193248620683,7,7.63268,-109.398,4,8.685e+08,3,1,0,
337,1,1195529056462,1195600995895,7,3.85225,-113.179,4,8.681e+08,2,1,0,
200,1,1200761034342,1200832971661,7,23.9071,-93.1238,4,8.681e+08,2,1,0,
28,1,1203156515188,1203228452110,7,38.431,-78.5999,4,8.681e+08,1,1,0,
400,1,1206376575789,1206448513548,7,13.0142,-104.017,4,8.681e+08,2,1,0,
162,1,1206923141085,1207375754145,10,1.56434,-115.467,4,8.685e+08,3,1,0,
151,1,1210622654028,1210869442327,9,-1.42396,-118.455,4,8.681e+08,2,1,0,
102,1,1210782840387,1210854779284,7,9.12416,-107.907,4,8.681e+08,2,1,0,
267,1,1213314429119,1213767042353,10,-10.9814,-128.012,4,8.681e+08,2,1,0,
186,1,1214312437574,1214446073309,8,6.82077,-110.21,4,8.681e+08,1,1,0,
295,1,1220550453779,1220797242132,9,4.24691,-112.784,4,8.685e+08,4,1,0,
285,1,1217774505622,1217846443785,7,7.88532,-109.146,4,8.681e+08,2,1,0,
339,1,1217884398112,1217956337154,7,10.8006,-106.23,4,8.685e+08,3,1,0,
163,1,1226742584459,1226814521443,7,37.4945,-79.5364,4,8.681e+08,1,1,0,
53,1,1231370005352,1232357146857,11,0.0647878,-116.966,4,8.681e+08,1,1,0,
158,1,1232013813976,1232260602118,9,3.96651,-113.064,4,8.681e+08,2,1,0,
320,1,1244187967583,1244259907084,7,5.14135,-111.89,4,8.681e+08,1,1,0,
86,1,1232656372383,1232790008092,8,10.0654,-106.965,4,8.681e+08,1,1,0,
61,1,1235592472164,1236579613539,11,2.82437,-114.207,4,8.685e+08,3,1,0,
281,1,1239076745355,1239210381242,8,10.5594,-106.472,4,8.685e+08,3,1,0,
262,1,1241205139114,1241277078241,7,5.71093,-111.32,4,8.681e+08,1,1,0,
364,1,1244513877515,1244585816892,7,5.9433,-111.088,4,8.681e+08,1,1,0,
326,1,1246319373817,1246566162315,9,-5.02053,-122.051,4,8.685e+08,4,1,0,
205,1,1247880889646,1248868031050,11,1.34196,-115.689,4,8.681e+08,2,1,0,
339,1,1248608245775,1248680184817,7,15.9995,-101.031,4,8.685e+08,4,1,0,
393,1,1248940697706,1249012637243,7,8.96423,-108.067,4,8.681e+08,1,1,0,
281,1,1252439945365,1252573581252,8,8.68442,-108.346,4,8.685e+08,4,1,0,
172,1,1257380160933,1257832773789,10,2.35727,-114.674,4,8.681e+08,1,1,0,
145,1,1251147731783,1251281367694,8,11.1788,-105.852,4,8.681e+08,2,1,0,
111,1,1257365307781,1257437247381,7,17.2926,-99.7383,4,8.681e+08,1,1,0,
177,1,1266527722653,1266774510877,9,6.08596,-110.945,4,8.681e+08,2,1,0,
351,1,1258578306489,1258825095151,9,6.4311,-110.6,4,8.681e+08,1,1,0,
96,1,1261068489052,1261140428589,7,11.3612,-105.67,4,8.685e+08,3,1,0,
205,1,1346594489656,1347581631060,11,-0.359225,-117.39,4,8.685e+08,3,1,0,
195,1,1264046532584,1264118471266,7,17.6284,-99.4025,4,8.685e+08,3,1,0,
148,1,1266507486394,1266641122068,8,4.97898,-112.052,4,8.681e+08,1,1,0,
279,1,1269874401193,1270861542752,11,4.45769,-112.573,4,8.681e+08,2,1,0,
130,1,1266589287246,1266661224237,7,29.7929,-87.238,4,8.685e+08,4,1,0,
343,1,1275679825613,1275751765206,7,8.37101,-108.66,4,8.681e+08,1,1,0,
336,1,1269909282468,1269981221482,7,13.7792,-103.252,4,8.681e+08,1,1,0,
183,1,1270687718992,1271140331674,10,8.42029,-108.611,4,8.681e+08,2,1,0,
340,1,1280272239987,1281259381377,11,6.42771,-110.603,4,8.681e+08,2,1,0,
155,1,1276277842137,1276730455047,10,-7.29293,-124.324,4,8.685e+08,3,1,0,
147,1,1285703647016,1285950435570,9,3.37241,-113.658,4,8.681e+08,1,1,0,
370,1,1281259692038,1281331630485,7,17.2307,-99.8002,4,8.685e+08,3,1,0,
374,1,1286198732884,1286270671055,7,16.716,-100.315,4,8.681e+08,2,1,0,
131,1,1287697968448,1287831604555,8,4.74003,-112.291,4,8.685e+08,3,1,0,
276,1,1286464807352,1286598443246,8,1.53248,-115.498,4,8.685e+08,3,1,0,
135,1,1286898044843,1286969983047,7,17.7256,-99.3053,4,8.681e+08,1,1,0,
92,1,1288164257610,1288236196366,7,12.7465,-104.284,4,8.685e+08,4,1,0,
254,1,1288318969166,1288390908757,7,10.2347,-106.796,4,8.685e+08,3,1,0,
181,1,1288894893114,1289028529024,8,5.60246,-111.428,4,8.681e+08,1,1,0,
31,1,1292799942707,1293252555651,10,3.81159,-113.219,4,8.681e+08,1,1,0,
351,1,1292931986189,1293178774851,9,-0.776628,-117.808,4,8.681e+08,2,1,0,
304,1,1293873866251,1293945805556,7,7.38673,-109.644,4,8.685e+08,3,1,0,
53,1,1330083605362,1331070746867,11,3.27331,-113.758,4,8.681e+08,2,1,0,
21,1,1295742494334,1296195107605,10,5.37093,-111.66,4,8.681e+08,2,1,0,
300,1,1295900968656,1296353581456,10,1.50771,-115.523,4,8.685e+08,4,1,0,
263,1,1296043013771,1297030155085,11,0.100182,-116.931,4,8.685e+08,4,1,0,
277,1,1314377406881,1314511042938,8,5.58291,-111.448,4,8.681e+08,2,1,0,
22,1,1298218064742,1298290002628,7,28.2216,-88.8093,4,8.681e+08,1,1,0,
348,1,1305115795072,1305362583569,9,-10.8881,-127.919,4,8.685e+08,3,1,0,
31,1,1338060742717,1338513355661,10,-7.42245,-124.453,4,8.681e+08,2,1,0,
152,1,1315568825321,1315815613712,9,5.21772,-111.813,4,8.681e+08,2,1,0,
37,1,1306356600724,1307343742300,11,3.72764,-113.303,4,8.681e+08,1,1,0,
159,1,1319609301903,1320061914841,10,-0.769071,-117.8,4,8.681e+08,2,1,0,
303,1,1323406950837,1323478888818,7,24.2761,-92.7548,4,8.681e+08,1,1,0,
188,1,1320676428601,1320810064303,8,-0.526782,-117.558,4,8.681e+08,1,1,0,
78,1,1324382081027,1325369222527,11,4.37485,-112.656,4,8.681e+08,2,1,0,
157,1,1324543887390,1324615825921,7,16.8206,-100.21,4,8.681e+08,1,1,0,
345,1,1330171068993,1330243007374,7,15.9725,-101.058,4,8.681e+08,1,1,0,
263,1,1394756613781,1395743755095,11,6.59462,-110.436,4,8.683e+08,5,1,0,
149,1,1333831584697,1333903523961,7,-6.93532,-123.966,4,8.681e+08,1,1,0,
196,1,1335661064959,1335733003776,7,10.6638,-106.367,4,8.685e+08,4,1,0,
122,1,1336349725080,1336802338146,10,4.19524,-112.836,4,8.681e+08,2,1,0,
283,1,1336892085482,1337344698660,10,-1.82592,-118.857,4,8.685e+08,3,1,0,
164,1,1338737020572,1338808959888,7,9.39095,-107.64,4,8.685e+08,4,1,0,
134,1,1339821757502,1339893696135,7,13.6184,-103.412,4,8.681e+08,1,1,0,
72,1,1340885880607,1340957819218,7,2.11551,-114.915,4,8.681e+08,2,1,0,
11,1,1341251437818,1341323376710,7,17.3113,-99.7196,4,8.681e+08,2,1,0,
32,1,1342748971746,1342820910626,7,14.0213,-103.01,4,8.681e+08,1,1,0,
296,1,1343575337549,1343647274609,7,32.3842,-84.6467,4,8.681e+08,2,1,0,
272,1,1350327837055,1350399776267,7,9.48636,-107.545,4,8.681e+08,2,1,0,
141,1,1352316656856,1352563445394,9,3.651,-113.38,4,8.683e+08,5,1,0,
375,1,1353254010844,1353387646564,8,2.70835,-114.323,4,8.681e+08,2,1,0,
24,1,1354307965301,1354379903891,7,20.3325,-96.6984,4,8.685e+08,3,1,0,
184,1,1356249762879,1356321702053,7,18.4474,-98.5835,4,8.685e+08,3,1,0,
70,1,1360721021861,1361173634589,10,1.21366,-115.817,4,8.681e+08,1,1,0,
141,1,1376995056866,1377241845404,9,0.155814,-116.875,4,8.685e+08,6,1,0,
334,1,1362359571595,1362606360058,9,7.82409,-109.207,4,8.681e+08,2,1,0,
124,1,1362883329740,1363335943005,10,-2.12997,-119.161,4,8.681e+08,1,1,0,
66,1,1365291179171,1365743792189,10,-8.92503,-125.956,4,8.685e+08,4,1,0,
7,1,1368417198028,1368663986450,9,-2.81615,-119.847,4,8.681e+08,2,1,0,
174,1,1366630823832,1366877612092,9,1.52757,-115.503,4,8.681e+08,2,1,0,
285,1,1368675458561,1368747396724,7,22.1248,-94.9061,4,8.685e+08,3,1,0,
203,1,1369424725974,1369496663962,7,14.3358,-102.695,4,8.681e+08,1,1,0,
138,1,1370227262620,1371214403935,11,1.18978,-115.841,4,8.681e+08,2,1,0,
201,1,1370754195027,1370826133651,7,14.6704,-102.361,4,8.685e+08,4,1,0,
71,1,1373593742420,1373665681283,7,10.8058,-106.225,4,8.685e+08,3,1,0,
38,1,1384120471635,1384192410190,7,7.72945,-109.301,4,8.681e+08,2,1,0,
202,1,1396331876225,1396403813392,7,28.8732,-88.1577,4,8.685e+08,4,1,0,
46,1,1387521789803,1387655425830,8,12.4349,-104.596,4,8.685e+08,4,1,0,
157,1,1389365171719,1389437110250,7,12.4431,-104.588,4,8.681e+08,2,1,0,
27,1,1399615940224,1399862728721,9,6.21953,-110.811,4,8.681e+08,2,1,0,
43,1,1400976574647,1401048513839,7,13.0124,-104.018,4,8.685e+08,3,1,0,
50,1,1403021515924,1403474129156,10,-2.45696,-119.488,4,8.681e+08,2,1,0,
231,1,1401031066256,1401103004999,7,14.2378,-102.793,4,8.685e+08,3,1,0,
397,1,1405579726722,1406032340000,10,-1.29304,-118.324,4,8.685e+08,3,1,0,
25,1,1408230415609,1408477204186,9,4.83183,-112.199,4,8.681e+08,1,1,0,
333,1,1406982853416,1407229641742,9,2.38018,-114.651,4,8.681e+08,1,1,0,
150,1,1408203001633,1408655614320,10,-2.78475,-119.816,4,8.681e+08,2,1,0,
45,1,1408504645211,1409491786825,11,-6.31657,-123.347,4,8.681e+08,1,1,0,
37,1,1409243355862,1410230497438,11,-1.71495,-118.746,4,8.681e+08,2,1,0,
46,1,1411232150238,1411365786265,8,4.06388,-112.967,4,8.683e+08,5,1,0,
225,1,1410904270525,1411037906413,8,-3.49399,-120.525,4,8.681e+08,1,1,0,
299,1,1412415298404,1412487237609,7,13.0037,-104.027,4,8.681e+08,2,1,0,
171,1,1415807284190,1415879221214,7,32.624,-84.4069,4,8.685e+08,4,1,0,
268,1,1420752453125,1420999241357,9,6.18056,-110.85,4,8.681e+08,2,1,0,
164,1,1420806558608,1420878497924,7,5.52939,-111.502,4,8.683e+08,5,1,0,
208,1,1422412638046,1422546274088,8,5.54185,-111.489,4,8.685e+08,3,1,0,
25,1,1432908815619,1433155604196,9,3.0998,-113.931,4,8.681e+08,2,1,0,
161,1,1431658417965,1431730355365,7,30.757,-86.2739,4,8.681e+08,2,1,0,
17,1,1425236063808,1425688676870,10,3.98581,-113.045,4,8.681e+08,2,1,0,
66,1,1429329350486,1429781963504,10,4.41263,-112.618,4,8.683e+08,5,1,0,
276,1,1428277857065,1428411492959,8,7.06299,-109.968,4,8.685e+08,4,1,0,
341,1,1434741710243,1434813647106,7,39.44,-77.5909,4,8.685e+08,3,1,0,
334,1,1437181967191,1437428755654,9,3.40796,-113.623,4,8.685e+08,3,1,0,
316,1,1438919191792,1439165980383,9,-7.95049,-124.981,4,8.681e+08,2,1,0,
387,1,1438187970535,1438434758697,9,12.8036,-104.227,4,8.681e+08,2,1,0,
353,1,1439417879285,1439551515320,8,2.64297,-114.388,4,8.681e+08,1,1,0,
380,1,1440415042358,1441402183738,11,2.73692,-114.294,4,8.681e+08,2,1,0,
366,1,1441863709157,1441935646898,7,12.4282,-104.603,4,8.681e+08,1,1,0,
336,1,1442140618867,1442212557881,7,9.07657,-107.954,4,8.681e+08,2,1,0,
14,1,1442735201027,1442981989496,9,9.71804,-107.313,4,8.681e+08,1,1,0,
375,1,1443514107429,1443647743149,8,4.37203,-112.659,4,8.685e+08,3,1,0,
182,1,1446542992964,1446995606046,10,3.4709,-113.56,4,8.681e+08,1,1,0,
298,1,1448419726789,1449406868374,11,1.33796,-115.693,4,8.681e+08,1,1,0,
249,1,1534519232062,1535506373387,11,4.53894,-112.492,4,8.685e+08,4,1,0,
200,1,1451948199351,1452020136670,7,34.0597,-82.9712,4,8.685e+08,3,1,0,
314,1,1453177120715,1453249058969,7,11.2264,-105.805,4,8.681e+08,1,1,0,
336,1,1459058402621,1459130341635,7,8.39366,-108.637,4,8.685e+08,3,1,0,
334,1,1467313327884,1467560116347,9,10.7627,-106.268,4,8.685e+08,4,1,0,
51,1,1465772920581,1466760062224,11,-3.00061,-120.032,4,8.681e+08,1,1,0,
74,1,1467365144470,1467437083068,7,17.7801,-99.2508,4,8.681e+08,2,1,0,
216,1,1471385010888,1471456949842,7,16.7281,-100.303,4,8.681e+08,2,1,0,
188,1,1472972130506,1473105766208,8,14.1327,-102.898,4,8.681e+08,2,1,0,
184,1,1474307234671,1474379173845,7,10.7974,-106.233,4,8.685e+08,4,1,0,
267,1,1473274375096,1473726988330,10,7.15652,-109.874,4,8.685e+08,3,1,0,
124,1,1476253659293,1476706272558,10,2.73732,-114.294,4,8.681e+08,2,1,0,
281,1,1478159554663,1478293190550,8,8.24967,-108.781,4,8.683e+08,5,1,0,
212,1,1478461372709,1478913985936,10,-14.8152,-131.846,4,8.681e+08,2,1,0,
51,1,1564486520591,1565473662234,11,-1.70046,-118.731,4,8.681e+08,2,1,0,
171,1,1481854304621,1481926241645,7,32.956,-84.0749,4,8.683e+08,5,1,0,
314,1,1484872033331,1484943971585,7,20.6704,-96.3605,4,8.681e+08,2,1,0,
263,1,1498021031059,1499008172373,11,0.38613,-116.645,4,8.685e+08,6,1,0,
367,1,1501063692664,1501516305752,10,1.68404,-115.347,4,8.681e+08,2,1,0,
122,1,1499768770369,1500221383435,10,3.92323,-113.108,4,8.685e+08,3,1,0,
76,1,1501592392866,1501839181279,9,3.27182,-113.759,4,8.681e+08,1,1,0,
333,1,1502567378277,1502814166603,9,9.10951,-107.921,4,8.681e+08,2,1,0,
352,1,1512214316610,1512286254461,7,14.7524,-102.278,4,8.681e+08,1,1,0,
209,1,1506314428914,1507301570515,11,3.22174,-113.809,4,8.685e+08,4,1,0,
60,1,1515569750778,1515641690203,7,7.68767,-109.343,4,8.685e+08,3,1,0,
331,1,1515659979498,1516112592622,10,-4.87905,-121.91,4,8.685e+08,4,1,0,
112,1,1517838015291,1518084803748,9,2.58463,-114.446,4,8.681e+08,1,1,0,
222,1,1517954585114,1518026524682,7,0.393346,-116.638,4,8.681e+08,2,1,0,
391,1,1518303358163,1519290499551,11,-4.51184,-121.543,4,8.681e+08,2,1,0,
224,1,1518375771782,1518447708654,7,30.7657,-86.2652,4,8.685e+08,3,1,0,
277,1,1529535345870,1529668981927,8,4.82813,-112.203,4,8.685e+08,3,1,0,
199,1,1520835057735,1521822199322,11,-3.56965,-120.601,4,8.685e+08,3,1,0,
217,1,1521788344017,1521860281613,7,28.1035,-88.9274,4,8.681e+08,2,1,0,
224,1,1525569371792,1525641308664,7,30.6578,-86.3731,4,8.685e+08,4,1,0,
167,1,1527381190618,1527453130066,7,0.614652,-116.416,4,8.681e+08,1,1,0,
370,1,1528716326376,1528788264823,7,16.1407,-100.89,4,8.685e+08,4,1,0,
356,1,1528806999435,1528878938217,7,9.90568,-107.125,4,8.685e+08,4,1,0,
390,1,1530319389930,1531306531266,11,-3.15655,-120.187,4,8.685e+08,4,1,0,
180,1,1530916184846,1531162973247,9,1.43936,-115.592,4,8.685e+08,3,1,0,
55,1,1531960838774,1532947980227,11,-17.66,-134.691,4,8.685e+08,3,1,0,
332,1,1540687225409,1540759163834,7,19.8416,-97.1893,4,8.681e+08,1,1,0,
48,1,1533275853006,1533347792335,7,10.1026,-106.928,4,8.685e+08,3,1,0,
177,1,1534453433268,1534700221492,9,-1.09731,-118.128,4,8.685e+08,3,1,0,
364,1,1536679547485,1536751486862,7,-7.77741,-124.808,4,8.681e+08,2,1,0,
183,1,1546378880498,1546831493180,10,4.26885,-112.762,4,8.685e+08,3,1,0,
338,1,1553029902789,1553482516049,10,3.45228,-113.579,4,8.685e+08,3,1,0,
111,1,1550980465539,1551052405139,7,8.32199,-108.709,4,8.681e+08,2,1,0,
80,1,1556395190060,1556467127425,7,29.0231,-88.0078,4,8.681e+08,2,1,0,
127,1,1547240196294,1547373832296,8,-4.73041,-121.761,4,8.683e+08,5,1,0,
188,1,1557498296500,1557631932202,8,16.672,-100.359,4,8.685e+08,3,1,0,
22,1,1557770978393,1557842916279,7,22.0143,-95.0166,4,8.681e+08,2,1,0,
255,1,1558605251288,1558677189405,7,12.2614,-104.77,4,8.681e+08,1,1,0,
149,1,1558975782531,1559047721795,7,7.53498,-109.496,4,8.681e+08,2,1,0,
285,1,1560407466209,1560479404372,7,19.6034,-97.4275,4,8.685e+08,4,1,0,
399,1,1564643529540,1565096142579,10,1.14961,-115.881,4,8.681e+08,1,1,0,
76,1,1565120618827,1565367407240,9,5.70419,-111.327,4,8.681e+08,2,1,0,
345,1,1565965678714,1566037617095,7,21.1672,-95.8637,4,8.681e+08,2,1,0,
347,1,1565924092650,1566376705779,10,0.535296,-116.496,4,8.683e+08,5,1,0,
31,1,1566054086551,1566506699495,10,-4.34231,-121.373,4,8.685e+08,3,1,0,
40,1,1571661509951,1571733448562,7,18.1311,-98.8998,4,8.681e+08,1,1,0,
314,1,1568142472035,1568214410289,7,17.1303,-99.9006,4,8.685e+08,3,1,0,
306,1,1568758523385,1569005311911,9,2.33651,-114.694,4,8.681e+08,2,1,0,
249,1,1633232832072,1634219973397,11,-10.5103,-127.541,4,8.683e+08,5,1,0,
331,1,1571894980235,1572347593359,10,-1.43811,-118.469,4,8.683e+08,5,1,0,
148,1,1573022458378,1573156094052,8,11.9335,-105.097,4,8.681e+08,2,1,0,
221,1,1574663514322,1575116127353,10,-1.89805,-118.929,4,8.685e+08,3,1,0,
262,1,1582609900769,1582681839896,7,15.9373,-101.094,4,8.681e+08,2,1,0,
185,1,1581328410022,1581781023085,10,2.76097,-114.27,4,8.683e+08,5,1,0,
349,1,1586092970510,1586339758764,9,2.51182,-114.519,4,8.681e+08,1,1,0,
337,1,1587191560670,1587263500103,7,9.12604,-107.905,4,8.685e+08,3,1,0,
75,1,1589053122287,1589505735580,10,1.4271,-115.604,4,8.681e+08,1,1,0,
148,1,1589299635937,1589433271611,8,9.2751,-107.756,4,8.685e+08,3,1,0,
310,1,1590808629174,1591795770506,11,4.7331,-112.298,4,8.685e+08,3,1,0,
111,1,1592798328687,1592870268287,7,9.85743,-107.173,4,8.685e+08,3,1,0,
242,1,1592753190915,1592825128252,7,21.6474,-95.3835,4,8.681e+08,1,1,0,
153,1,1600459985792,1600593621542,8,9.75194,-107.279,4,8.681e+08,1,1,0,
220,1,1600237402259,1600309341000,7,16.153,-100.878,4,8.681e+08,1,1,0,
191,1,1603049099453,1603182735175,8,2.36434,-114.667,4,8.681e+08,2,1,0,
218,1,1601089019354,1601160958950,7,13.7757,-103.255,4,8.685e+08,3,1,0,
344,1,1601339317762,1602326459075,11,-11.4957,-128.527,4,8.681e+08,2,1,0,
305,1,1603848774061,1604301387095,10,0.918471,-116.112,4,8.685e+08,3,1,0,
277,1,1605149952836,1605283588893,8,10.8304,-106.201,4,8.685e+08,4,1,0,
170,1,1611864498463,1611936437045,7,14.5494,-102.481,4,8.681e+08,1,1,0,
131,1,1612945167167,1613078803274,8,0.011455,-117.019,4,8.685e+08,4,1,0,
328,1,1614119352441,1614191291343,7,5.88364,-111.147,4,8.681e+08,1,1,0,
51,1,1663200120601,1664187262244,11,-2.18858,-119.219,4,8.685e+08,3,1,0,
162,1,1617431423029,1617884036089,10,0.778966,-116.252,4,8.685e+08,4,1,0,
181,1,1617701071981,1617834707891,8,11.2236,-105.807,4,8.681e+08,2,1,0,
325,1,1617753909948,1617825849054,7,17.493,-99.5379,4,8.681e+08,1,1,0,
230,1,1624849701767,1624921641278,7,6.50105,-110.53,4,8.681e+08,2,1,0,
74,1,1618101582115,1618173520713,7,16.3539,-100.677,4,8.685e+08,3,1,0,
167,1,1618817723237,1618889662685,7,9.48785,-107.543,4,8.681e+08,2,1,0,
108,1,1621781468474,1621853407324,7,6.9378,-110.093,4,8.685e+08,4,1,0,
280,1,1624382659042,1624516294955,8,0.817676,-116.213,4,8.681e+08,1,1,0,
166,1,1627269009489,1627340946612,7,27.6394,-89.3915,4,8.685e+08,3,1,0,
137,1,1630328003612,1631315145031,11,-3.07744,-120.108,4,8.681e+08,1,1,0,
226,1,1630449907804,1630521845192,7,19.9658,-97.0651,4,8.681e+08,1,1,0,
68,1,1638565727690,1638812516205,9,-7.2131,-124.244,4,8.681e+08,1,1,0,
4,1,1632406912698,1632478850033,7,19.2873,-97.7436,4,8.681e+08,1,1,0,
318,1,1640293278061,1641280419499,11,0.461602,-116.569,4,8.685e+08,4,1,0,
9,1,1638994259080,1639066198077,7,12.3873,-104.644,4,8.685e+08,4,1,0,
351,1,1639192121918,1639438910580,9,-13.3471,-130.378,4,8.685e+08,3,1,0,
249,1,1731946432082,1732933573407,11,3.92547,-113.105,4,8.685e+08,6,1,0,
228,1,1640416362267,1640488300178,7,19.3206,-97.7103,4,8.685e+08,3,1,0,
237,1,1640692391598,1641145004531,10,2.07618,-114.955,4,8.681e+08,2,1,0,
124,1,1646643000879,1647095614144,10,-0.35596,-117.387,4,8.685e+08,3,1,0,
324,1,1642841300343,1642913239788,7,10.3787,-106.652,4,8.681e+08,2,1,0,
255,1,1643298147384,1643370085501,7,17.2201,-99.8108,4,8.681e+08,2,1,0,
140,1,1651487398207,1651559336924,7,6.21172,-110.819,4,8.681e+08,2,1,0,
30,1,1647827945093,1648280558095,10,1.37862,-115.652,4,8.681e+08,1,1,0,
351,1,1663870521928,1664117310590,9,-9.25225,-126.283,4,8.685e+08,4,1,0,
296,1,1657853281829,1657925218889,7,33.9723,-83.0586,4,8.685e+08,3,1,0,
332,1,1661457234560,1661529172985,7,22.6052,-94.4257,4,8.681e+08,2,1,0,
326,1,1660524289300,1660771077798,9,5.11478,-111.916,4,8.683e+08,5,1,0,
324,1,1662749852102,1662821791547,7,1.65363,-115.377,4,8.685e+08,3,1,0,
137,1,1729041603622,1730028745041,11,-2.02294,-119.054,4,8.681e+08,2,1,0,
401,1,1664454434427,1664588070150,8,14.121,-102.91,4,8.685e+08,3,1,0,
290,1,1665975609428,1666047548846,7,1.08992,-115.941,4,8.681e+08,1,1,0,
324,1,1669943452112,1670015391557,7,7.03554,-109.995,4,8.685e+08,4,1,0,
348,1,1666142263762,1666389052259,9,8.13117,-108.9,4,8.685e+08,4,1,0,
384,1,1675578730490,1676031343768,10,1.62523,-115.406,4,8.681e+08,1,1,0,
62,1,1676932994373,1677385607312,10,2.61734,-114.414,4,8.681e+08,2,1,0,
83,1,1678359825322,1678606613917,9,2.08482,-114.946,4,8.685e+08,3,1,0,
52,1,1671094245655,1671341033870,9,9.13667,-107.894,4,8.681e+08,2,1,0,
257,1,1691142885619,1691389674104,9,1.69562,-115.335,4,8.681e+08,2,1,0,
180,1,1687065470753,1687312259154,9,-0.444707,-117.476,4,8.685e+08,4,1,0,
86,1,1682602368374,1682736004083,8,11.5941,-105.437,4,8.681e+08,2,1,0,
50,1,1688484749953,1688937363185,10,-4.60838,-121.639,4,8.685e+08,3,1,0,
348,1,1690820663772,1691067452269,9,4.3314,-112.7,4,8.683e+08,5,1,0,
379,1,1701561511035,1702014123854,10,0.379187,-116.652,4,8.685e+08,3,1,0,
229,1,1706342847091,1706414786125,7,9.73463,-107.296,4,8.685e+08,3,1,0,
72,1,1712567428636,1712639367247,7,18.7864,-98.2445,4,8.685e+08,3,1,0,
60,1,1712779855637,1712851795062,7,18.0716,-98.9593,4,8.685e+08,4,1,0,
387,1,1715316447799,1715563235961,9,7.00015,-110.031,4,8.685e+08,3,1,0,
117,1,1718933760372,1719067396282,8,3.52553,-113.505,4,8.685e+08,4,1,0,
109,1,1718241028071,1718693641188,10,5.00827,-112.023,4,8.681e+08,1,1,0,
261,1,1721336028473,1721407967876,7,15.6724,-101.359,4,8.681e+08,2,1,0,
244,1,1722594818469,1723047431770,10,-0.411997,-117.443,4,8.681e+08,2,1,0,
383,1,1726470294666,1726717083153,9,6.83259,-110.198,4,8.681e+08,2,1,0,
152,1,1726875512250,1727122300641,9,0.535352,-116.496,4,8.685e+08,3,1,0,
43,1,1725666384864,1725738324056,7,10.1714,-106.86,4,8.685e+08,4,1,0,
96,1,1727749671796,1727821611333,7,8.76264,-108.268,4,8.685e+08,4,1,0,
70,1,1737228450019,1737681062747,10,4.39332,-112.638,4,8.681e+08,2,1,0,
84,1,1739173525645,1739245465227,7,5.60776,-111.423,4,8.681e+08,2,1,0,
149,1,1739702123658,1739774062922,7,4.0744,-112.956,4,8.685e+08,3,1,0,
307,1,1740831207347,1740964843171,8,4.1679,-112.863,4,8.681e+08,2,1,0,
44,1,1740929536753,1741916678246,11,1.05878,-115.972,4,8.681e+08,2,1,0,
287,1,1741372509856,1741444449139,7,1.98496,-115.046,4,8.681e+08,1,1,0,
258,1,1747250935533,1747384571417,8,6.29311,-110.738,4,8.681e+08,2,1,0,
3,1,1741949722790,1742402335791,10,-10.3167,-127.348,4,8.685e+08,3,1,0,
323,1,1746290246683,1746362184263,7,7.82209,-109.209,4,8.681e+08,2,1,0,
335,1,1748425916519,1748497855610,7,12.4882,-104.543,4,8.681e+08,1,1,0,
163,1,1750369785712,1750441722696,7,39.8415,-77.1894,4,8.681e+08,2,1,0,
392,1,1751647950138,1751719888723,7,19.5838,-97.4471,4,8.685e+08,3,1,0,
87,1,1753531183195,1753777971431,9,1.0882,-115.943,4,8.681e+08,2,1,0,
299,1,1752692341887,1752764281092,7,7.48581,-109.545,4,8.685e+08,3,1,0,
200,1,1755031228816,1755103166135,7,8.53903,-108.492,4,8.685e+08,4,1,0,
163,1,1757563385722,1757635322706,7,19.8602,-97.1707,4,8.685e+08,3,1,0,
238,1,1760630480640,1760764116583,8,12.437,-104.594,4,8.685e+08,3,1,0,
172,1,1760691128195,1761143741051,10,3.14719,-113.884,4,8.681e+08,2,1,0,
81,1,1760745225756,1760992013944,9,9.52338,-107.508,4,8.681e+08,2,1,0,
240,1,1761989864725,1762061802798,7,21.5255,-95.5054,4,8.681e+08,2,1,0,
77,1,1772084642986,1772331431471,9,3.65591,-113.375,4,8.681e+08,2,1,0,
304,1,1766228485934,1766300425239,7,16.0345,-100.996,4,8.685e+08,4,1,0,
292,1,1771413557344,1771866170301,10,2.7337,-114.297,4,8.685e+08,3,1,0,
30,1,1774857332715,1775309945717,10,1.17257,-115.858,4,8.681e+08,2,1,0,
399,1,1777111601767,1777564214806,10,-3.46909,-120.5,4,8.681e+08,2,1,0,
213,1,1775573849187,1775645786625,7,33.0139,-84.017,4,8.685e+08,3,1,0,
311,1,1777221311957,1777468100275,9,-2.14937,-119.18,4,8.685e+08,3,1,0,
206,1,1778203497632,1778275436991,7,15.8306,-101.2,4,8.681e+08,1,1,0,
197,1,1779187339144,1780174480646,11,-5.47877,-122.51,4,8.681e+08,1,1,0,
188,1,1785243956296,1785377591998,8,0.169663,-116.861,4,8.685e+08,4,1,0,
268,1,1780490574695,1780737362927,9,1.09007,-115.941,4,8.685e+08,3,1,0,
66,1,1784959434528,1785412047546,10,5.35009,-111.681,4,8.685e+08,6,1,0,
105,1,1787032921967,1787279710526,9,6.21865,-110.812,4,8.681e+08,2,1,0,
301,1,1787156152553,1787228091833,7,13.5854,-103.446,4,8.681e+08,1,1,0,
236,1,1796838184399,1796910121771,7,19.6707,-97.3602,4,8.681e+08,2,1,0,
135,1,1788376612884,1788448551088,7,12.572,-104.459,4,8.681e+08,2,1,0,
107,1,1790144571868,1790597185176,10,-1.66414,-118.695,4,8.681e+08,2,1,0,
348,1,1790743755955,1790990544452,9,1.44018,-115.591,4,8.685e+08,6,1,0,
209,1,1794786536907,1795773678508,11,3.37078,-113.66,4,8.683e+08,5,1,0,
262,1,1799403970736,1799475909863,7,18.1138,-98.9171,4,8.685e+08,3,1,0,
368,1,1801212713904,1801459502431,9,6.6586,-110.372,4,8.681e+08,1,1,0,
374,1,1803382531479,1803454469650,7,15.6109,-101.42,4,8.685e+08,3,1,0,
316,1,1804697969588,1804944758179,9,2.70939,-114.322,4,8.685e+08,3,1,0,
257,1,1803670194360,1803916982845,9,9.61256,-107.418,4,8.685e+08,3,1,0,
148,1,1806859323421,1806992959095,8,2.1355,-114.895,4,8.685e+08,4,1,0,
69,1,1805012316530,1805084254796,7,16.5906,-100.44,4,8.681e+08,1,1,0,
362,1,1810648364588,1811100977441,10,3.82943,-113.201,4,8.683e+08,5,1,0,
305,1,1813421332687,1813873945721,10,0.0664004,-116.964,4,8.685e+08,4,1,0,
152,1,1815710838330,1815957626721,9,-5.5435,-122.574,4,8.685e+08,4,1,0,
41,1,1817314681309,1817448317287,8,3.56733,-113.464,4,8.681e+08,1,1,0,
124,1,1818814391416,1819267004681,10,-0.203312,-117.234,4,8.685e+08,4,1,0,
129,1,1819203213903,1819275150447,7,38.7607,-78.2702,4,8.681e+08,2,1,0,
5,1,1821931685584,1822003622896,7,26.5362,-90.4947,4,8.685e+08,3,1,0,
321,1,1823864150493,1824851292090,11,-1.24473,-118.276,4,8.681e+08,2,1,0,
217,1,1827967812606,1828039750202,7,28.7023,-88.3286,4,8.685e+08,3,1,0,
183,1,1824516308046,1824968920728,10,4.35144,-112.679,4,8.685e+08,4,1,0,
91,1,1826248170547,1826381806264,8,12.5966,-104.434,4,8.681e+08,2,1,0,
32,1,1833008556852,1833080495732,7,13.2929,-103.738,4,8.681e+08,2,1,0,
79,1,1829001152541,1829073090761,7,13.375,-103.656,4,8.685e+08,3,1,0,
12,1,1830534005561,1830986618404,10,4.49793,-112.533,4,8.685e+08,4,1,0,
340,1,1835026048353,1836013189743,11,-1.51719,-118.548,4,8.685e+08,3,1,0,
319,1,1838360832195,1838813445480,10,2.98904,-114.042,4,8.685e+08,4,1,0,
296,1,1835699118902,1835771055962,7,28.7742,-88.2567,4,8.685e+08,4,1,0,
367,1,1839629548453,1840082161541,10,4.80319,-112.228,4,8.685e+08,3,1,0,
335,1,1848427240546,1848499179637,7,8.78178,-108.249,4,8.685e+08,3,1,0,
335,1,1840857868157,1840929807248,7,4.18738,-112.844,4,8.681e+08,2,1,0,
307,1,1841319560749,1841453196573,8,15.8889,-101.142,4,8.685e+08,3,1,0,
206,1,1856620280352,1856692219711,7,9.89983,-107.131,4,8.681e+08,2,1,0,
368,1,1859844790527,1860091579054,9,0.618475,-116.412,4,8.681e+08,2,1,0,
367,1,1884890348463,1885342961551,10,4.07717,-112.954,4,8.685e+08,4,1,0,
12,1,1875794805571,1876247418414,10,7.58633,-109.445,4,8.683e+08,5,1,0,
284,1,1861279181589,1861525970234,9,5.62413,-111.407,4,8.681e+08,2,1,0,
174,1,1861876673255,1862123461515,9,2.11767,-114.913,4,8.685e+08,3,1,0,
369,1,1867329787561,1867401727132,7,-3.95573,-120.987,4,8.681e+08,2,1,0,
4,1,1862350200051,1862422137386,7,25.8167,-91.2142,4,8.681e+08,2,1,0,
330,1,1863083878863,1863330667163,9,6.18973,-110.841,4,8.681e+08,1,1,0,
10,1,1866186260564,1866319896365,8,2.71608,-114.315,4,8.681e+08,2,1,0,
347,1,1866360092303,1866812705432,10,2.19945,-114.831,4,8.685e+08,6,1,0,
266,1,1865757894725,1866210507451,10,6.65728,-110.374,4,8.681e+08,2,1,0,
259,1,1867907312880,1868154101411,9,-6.08572,-123.117,4,8.685e+08,6,1,0,
127,1,1867520403142,1867654039144,8,-2.32198,-119.353,4,8.685e+08,6,1,0,
338,1,1867616559426,1868069172686,10,-12.7035,-129.734,4,8.685e+08,4,1,0,
73,1,1871216445857,1871288382785,7,34.005,-83.0259,4,8.681e+08,2,1,0,
349,1,1875816438585,1876063226839,9,-2.32861,-119.36,4,8.681e+08,2,1,0,
74,1,1871275840324,1871347778922,7,14.8203,-102.211,4,8.685e+08,4,1,0,
97,1,1889228162674,1889680775533,10,3.59655,-113.434,4,8.681e+08,2,1,0,
47,1,1878751439596,1879204052722,10,3.0983,-113.933,4,8.681e+08,2,1,0,
4,1,1880056595617,1880128532952,7,19.3237,-97.7072,4,8.685e+08,3,1,0,
174,1,1886555073265,1886801861525,9,-5.85664,-122.888,4,8.685e+08,4,1,0,
103,1,1883458837136,1883705625590,9,-2.34629,-119.377,4,8.681e+08,1,1,0,
76,1,1890893671921,1891140460334,9,0.835353,-116.196,4,8.685e+08,3,1,0,
292,1,1897812467368,1898265080325,10,2.3518,-114.679,4,8.685e+08,4,1,0,
121,1,1895090423350,1895337211480,9,4.17454,-112.856,4,8.685e+08,3,1,0,
222,1,1899219609493,1899291549061,7,12.849,-104.182,4,8.685e+08,3,1,0,
113,1,1897940896809,1898187685005,9,4.14127,-112.89,4,8.681e+08,1,1,0,
341,1,1902103478406,1902175415269,7,36.0233,-81.0076,4,8.685e+08,4,1,0,
293,1,1902498049749,1902569987743,7,24.6491,-92.3818,4,8.685e+08,3,1,0,
248,1,1902105373396,1902557986375,10,6.09748,-110.933,4,8.681e+08,1,1,0,
167,1,1902299539597,1902371479045,7,5.41616,-111.615,4,8.685e+08,3,1,0,
12,1,1921055605581,1921508218424,10,-2.71444,-119.745,4,8.685e+08,6,1,0,
273,1,1908671706394,1909124319546,10,2.61397,-114.417,4,8.683e+08,7,1,0,
75,1,1912043047262,1912495660555,10,4.22541,-112.805,4,8.681e+08,2,1,0,
235,1,1914730665889,1915183278585,10,6.7838,-110.247,4,8.685e+08,4,1,0,
319,1,1913202102581,1913654715866,10,-0.552621,-117.584,4,8.683e+08,5,1,0,
322,1,1919737973466,1920725114799,11,-5.67982,-122.711,4,8.681e+08,2,1,0,
373,1,1918081287195,1918153226661,7,10.8689,-106.162,4,8.685e+08,4,1,0,
341,1,1921315764033,1921387700896,7,44.9493,-72.0816,4,8.683e+08,5,1,0,
312,1,1930370367570,1930442306813,7,9.28089,-107.75,4,8.681e+08,1,1,0,
227,1,1930637756856,1931624898278,11,-3.86067,-120.892,4,8.681e+08,1,1,0,
252,1,1939431640370,1939503579799,7,2.92231,-114.109,4,8.681e+08,2,1,0,
47,1,1931059263337,1931511876463,10,6.36157,-110.669,4,8.685e+08,3,1,0,
86,1,1936981012751,1937114648460,8,9.67109,-107.36,4,8.685e+08,3,1,0,
10,1,1944797249878,1944930885679,8,-1.40295,-118.434,4,8.685e+08,3,1,0,
360,1,1940804183616,1940937819251,8,2.60502,-114.426,4,8.681e+08,1,1,0,
167,1,1941250280710,1941322220158,7,13.4567,-103.574,4,8.685e+08,4,1,0,
99,1,1948144150417,1948216088128,7,21.1093,-95.9216,4,8.685e+08,3,1,0,
145,1,1948759815073,1948893450984,8,6.10391,-110.927,4,8.685e+08,3,1,0,
304,1,1950422747545,1950494686850,7,0.173854,-116.857,4,8.683e+08,5,1,0,
367,1,1954755074746,1955207687834,10,5.8746,-111.156,4,8.683e+08,5,1,0,
368,1,1954762328864,1955009117391,9,-1.26882,-118.3,4,8.685e+08,3,1,0,
366,1,1958688273550,1958760211291,7,20.7366,-96.2943,4,8.681e+08,2,1,0,
111,1,1955686556752,1955758496352,7,7.34803,-109.683,4,8.685e+08,4,1,0,
2,1,1963085821744,1963332609914,9,0.392813,-116.638,4,8.681e+08,2,1,0,
268,1,1960217040742,1960463828974,9,0.599225,-116.432,4,8.685e+08,4,1,0,
18,1,1962645134508,1962717073562,7,7.48347,-109.547,4,8.681e+08,2,1,0,
166,1,1963885981808,1963957918931,7,36.7093,-80.3216,4,8.685e+08,4,1,0,
84,1,1966049470573,1966121410155,7,7.69794,-109.333,4,8.685e+08,3,1,0,
283,1,1968556355233,1969008968411,10,-1.64711,-118.678,4,8.685e+08,4,1,0,
189,1,1971105972068,1971558585035,10,2.27658,-114.754,4,8.681e+08,1,1,0,
21,1,1976240037958,1976692651229,10,2.9139,-114.117,4,8.685e+08,3,1,0,
98,1,1976687627779,1976759566625,7,14.0226,-103.008,4,8.681e+08,1,1,0,
170,1,1977742705463,1977814644045,7,15.6758,-101.355,4,8.681e+08,2,1,0,
234,1,1977938954410,1978010893980,7,11.4739,-105.557,4,8.681e+08,2,1,0,
189,1,2016366772078,2016819385045,10,0.375641,-116.655,4,8.681e+08,2,1,0,
242,1,1979427544106,1979499481443,7,24.0756,-92.9553,4,8.681e+08,2,1,0,
295,1,1981670129952,1981916918305,9,-3.4931,-120.524,4,8.683e+08,5,1,0,
10,1,1989576157906,1989709793707,8,-5.60573,-122.637,4,8.685e+08,4,1,0,
39,1,1994603213356,1994736849127,8,9.14038,-107.891,4,8.681e+08,1,1,0,
4,1,1992918437615,1992990374950,7,26.0601,-90.9708,4,8.685e+08,4,1,0,
339,1,1992092448616,1992164387658,7,-1.29979,-118.331,4,8.683e+08,5,1,0,
230,1,1996302384738,1996374324249,7,11.5274,-105.504,4,8.685e+08,3,1,0,
126,1,1998033191598,1998279980081,9,5.1723,-111.859,4,8.685e+08,3,1,0,
292,1,1998559719144,1999012332101,10,2.73032,-114.301,4,8.683e+08,5,1,0,
386,1,2004070989384,2004523602490,10,-4.91187,-121.943,4,8.681e+08,1,1,0,
224,1,2004114098166,2004186035038,7,40.6787,-76.3522,4,8.683e+08,5,1,0,
346,1,2006511883400,2006583821664,7,23.6491,-93.3818,4,8.685e+08,3,1,0,
212,1,2008579258363,2009031871590,10,6.07524,-110.956,4,8.685e+08,3,1,0,
141,1,2018396455944,2018643244482,9,13.7009,-103.33,4,8.683e+08,7,1,0,
117,1,2011566200186,2011699836096,8,10.2743,-106.757,4,8.683e+08,5,1,0,
346,1,2013705483410,2013777421674,7,19.4803,-97.5506,4,8.685e+08,4,1,0,
394,1,2019158875000,2019611487795,10,5.80087,-111.23,4,8.685e+08,4,1,0,
288,1,2018694316836,2018766256093,7,5.17327,-111.858,4,8.681e+08,1,1,0,
283,1,2023177909563,2023630522741,10,-9.56285,-126.594,4,8.683e+08,5,1,0,
80,1,2020010747490,2020082684855,7,30.8882,-86.1427,4,8.685e+08,3,1,0,
162,1,2025117146430,2025569759490,10,-7.7926,-124.824,4,8.683e+08,5,1,0,
300,1,2027167207535,2027619820335,10,4.97372,-112.057,4,8.683e+08,5,1,0,
15,1,2028089047669,2028541660667,10,6.12533,-110.906,4,8.681e+08,2,1,0,
387,1,2028488657260,2028735445422,9,3.58851,-113.442,4,8.685e+08,4,1,0,
98,1,2030253527911,2030325466757,7,18.2057,-98.8252,4,8.681e+08,2,1,0,
232,1,2031753470891,2032206084171,10,1.95478,-115.076,4,8.685e+08,4,1,0,
54,1,2036900591023,2037034226834,8,8.09499,-108.936,4,8.685e+08,3,1,0,
79,1,2032963480881,2033035419101,7,13.1817,-103.849,4,8.685e+08,4,1,0,
34,1,2034088098925,2034334887537,9,-0.255488,-117.286,4,8.681e+08,2,1,0,
359,1,2049326199891,2049778812587,10,4.9512,-112.08,4,8.681e+08,2,1,0,
391,1,2051415865761,2052403007149,11,2.29649,-114.734,4,8.685e+08,3,1,0,
20,1,2049624853655,2049696792080,7,-0.393257,-117.424,4,8.685e+08,3,1,0,
296,1,2054143563031,2054215500091,7,25.7647,-91.2662,4,8.683e+08,5,1,0,
282,1,2052305616073,2053292757579,11,-1.52733,-118.558,4,8.681e+08,2,1,0,
199,1,2052849221897,2053836363484,11,-12.9003,-129.931,4,8.685e+08,4,1,0,
59,1,2053416349670,2053868962797,10,-2.94484,-119.976,4,8.683e+08,5,1,0,
133,1,2053763224169,2053835161814,7,19.6754,-97.3555,4,8.681e+08,2,1,0,
12,1,2062353164816,2062805777659,10,7.3163,-109.715,4,8.683e+08,7,1,0,
189,1,2061793750406,2062246363373,10,5.73252,-111.298,4,8.685e+08,3,1,0,
312,1,2062295427695,2062367366938,7,15.2699,-101.761,4,8.681e+08,2,1,0,
176,1,2068245893097,2068379529191,8,6.85852,-110.172,4,8.681e+08,2,1,0,
394,1,2065647421602,2066100034397,10,-4.2721,-121.303,4,8.683e+08,5,1,0,
90,1,2072116887822,2072188826800,7,13.5302,-103.501,4,8.681e+08,2,1,0,
334,1,2069498947921,2069745736384,9,6.76539,-110.266,4,8.683e+08,5,1,0,
284,1,2070249043838,2070495832483,9,-3.11806,-120.149,4,8.685e+08,3,1,0,
255,1,2073469050778,2073540988895,7,5.97969,-111.051,4,8.685e+08,3,1,0,
273,1,2077739906285,2078192519437,10,2.54362,-114.487,4,8.683e+08,8,1,0,
159,1,2075255032699,2075707645637,10,4.09977,-112.931,4,8.685e+08,3,1,0,
347,1,2079137961407,2079590574536,10,-6.11381,-123.145,4,8.683e+08,7,1,0,
356,1,2079317556097,2079389494879,7,15.3378,-101.693,4,8.683e+08,5,1,0,
265,1,2085473869307,2085720657640,9,11.0772,-105.954,4,8.685e+08,3,1,0,
90,1,2087199550970,2087271489948,7,12.6185,-104.412,4,8.685e+08,3,1,0,
175,1,2091468299196,2091601935127,8,3.18085,-113.85,4,8.681e+08,2,1,0,
217,1,2089281553598,2089353491194,7,23.7215,-93.3094,4,8.685e+08,4,1,0,
155,1,2090326021996,2090778634906,10,-3.57886,-120.61,4,8.685e+08,4,1,0,
256,1,2092001897065,2092073836264,7,13.3806,-103.65,4,8.685e+08,3,1,0,
228,1,2092637467931,2092709405842,7,21.8699,-95.161,4,8.685e+08,4,1,0,
323,1,2093416502345,2093488439925,7,26.7788,-90.2521,4,8.685e+08,3,1,0,
337,1,2094218182404,2094290121837,7,-2.06498,-119.096,4,8.685e+08,4,1,0,
332,1,2094643178308,2094715116733,7,12.5256,-104.505,4,8.685e+08,3,1,0,
200,1,2095017567048,2095089504367,7,28.6466,-88.3843,4,8.683e+08,5,1,0,
208,1,2097444917219,2097578553261,8,6.84919,-110.182,4,8.685e+08,4,1,0,
122,1,2099769366340,2100221979406,10,4.14182,-112.889,4,8.685e+08,4,1,0,
363,1,2102576433241,2102648370679,7,19.5525,-97.4784,4,8.685e+08,4,1,0,
345,1,2103921764686,2103993703067,7,19.0492,-97.9817,4,8.685e+08,3,1,0,
318,1,2105416465753,2106403607191,11,-10.3796,-127.411,4,8.683e+08,5,1,0,
332,1,2114195894739,2114267833164,7,6.9919,-110.039,4,8.685e+08,4,1,0,
71,1,2106849625598,2106921564461,7,12.1766,-104.854,4,8.685e+08,4,1,0,
139,1,2115774240726,2115846179196,7,13.7117,-103.319,4,8.681e+08,2,1,0,
335,1,2120663967944,2120735907035,7,11.3438,-105.687,4,8.685e+08,4,1,0,
74,1,2121389360959,2121461299557,7,13.7086,-103.322,4,8.683e+08,5,1,0,
395,1,2115011888058,2115083826010,7,24.5354,-92.4955,4,8.681e+08,2,1,0,
95,1,2122934992452,2123387605211,10,-1.58659,-118.617,4,8.681e+08,1,1,0,
160,1,2123179379747,2123251319287,7,11.9109,-105.12,4,8.683e+08,5,1,0,
365,1,2124746381322,2124818320513,7,14.3729,-102.658,4,8.681e+08,1,1,0,
355,1,2131913693256,2131985631085,7,21.9467,-95.0842,4,8.683e+08,5,1,0,
294,1,2125491966439,2125625602207,8,1.52646,-115.504,4,8.681e+08,1,1,0,
234,1,2130999954302,2131071893872,7,10.4161,-106.615,4,8.685e+08,3,1,0,
48,1,2131274245657,2131346184986,7,9.56867,-107.462,4,8.685e+08,4,1,0,
230,1,2135040511810,2135112451321,7,3.68127,-113.35,4,8.685e+08,4,1,0,
94,1,2133691568713,2133763507774,7,10.5323,-106.499,4,8.681e+08,2,1,0,
274,1,2135225032332,2135296971856,7,8.63792,-108.393,4,8.681e+08,1,1,0,
123,1,2136366545540,2136438483566,7,14.9649,-102.066,4,8.681e+08,1,1,0,
374,1,2136600429703,2136672367874,7,11.3566,-105.674,4,8.685e+08,4,1,0,
347,1,2136648093848,2137100706977,10,-8.26245,-125.293,4,8.683e+08,8,1,0,
270,1,2137362268037,2137434205575,7,29.5359,-87.495,4,8.681e+08,2,1,0,
282,1,2151019216083,2152006357589,11,-13.8893,-130.92,4,8.685e+08,3,1,0,
62,1,2148390344998,2148842957937,10,-1.03718,-118.068,4,8.685e+08,3,1,0,
255,1,2141170704430,2141242642547,7,23.1634,-93.8675,4,8.685e+08,4,1,0,
24,1,2143830798330,2143902736920,7,12.6493,-104.382,4,8.685e+08,4,1,0,
28,1,2150695817306,2150767754228,7,39.5518,-77.4791,4,8.681e+08,2,1,0,
207,1,2148911483251,2149158271730,9,7.70104,-109.33,4,8.681e+08,1,1,0,
90,1,2151738753986,2151810692964,7,17.492,-99.5389,4,8.685e+08,4,1,0,
19,1,2152357866324,2152429805049,7,17.8784,-99.1525,4,8.681e+08,1,1,0,
39,1,2153079991747,2153213627518,8,1.78989,-115.241,4,8.681e+08,2,1,0,
230,1,2153145062197,2153217001708,7,8.39627,-108.635,4,8.683e+08,5,1,0,
351,1,2154019808076,2154266596738,9,11.2753,-105.756,4,8.683e+08,5,1,0,
307,1,2153172996709,2153306632533,8,8.02415,-109.007,4,8.685e+08,4,1,0,
161,1,2155189182949,2155261120349,7,30.1404,-86.8905,4,8.685e+08,3,1,0,
244,1,2155913673117,2156366286418,10,-6.82629,-123.857,4,8.685e+08,3,1,0,
263,1,2157823705161,2158810846475,11,-8.87926,-125.91,4,8.683e+08,7,1,0,
338,1,2160452080740,2160904694000,10,-2.86343,-119.894,4,8.683e+08,5,1,0,
398,1,2167636725689,2168089338859,10,-0.584864,-117.616,4,8.681e+08,1,1,0,
204,1,2167673839147,2168660980718,11,-11.4644,-128.495,4,8.685e+08,4,1,0,
8,1,2167749717540,2167996505849,9,-0.30863,-117.34,4,8.681e+08,2,1,0,
155,1,2171765287177,2172217900087,10,3.29239,-113.739,4,8.683e+08,5,1,0,
400,1,2178079987736,2178151925495,7,24.1955,-92.8354,4,8.685e+08,3,1,0,
168,1,2175946999207,2176399612036,10,-5.00297,-122.034,4,8.685e+08,3,1,0,
134,1,2178038450138,2178110388771,7,16.8929,-100.138,4,8.681e+08,2,1,0,
310,1,2179356619643,2180343760975,11,-8.27431,-125.305,4,8.685e+08,4,1,0,
39,1,2184703336953,2184836972724,8,3.03798,-113.993,4,8.685e+08,3,1,0,
395,1,2192838702279,2192910640231,7,21.7991,-95.2318,4,8.685e+08,3,1,0,
14,1,2185088294652,2185335083121,9,1.4574,-115.573,4,8.681e+08,2,1,0,
152,1,2192385936541,2192632724932,9,-0.449086,-117.48,4,8.683e+08,5,1,0,
179,1,2193219229395,2193291167362,7,22.686,-94.3449,4,8.681e+08,2,1,0,
295,1,2196204643860,2196451432213,9,9.72365,-107.307,4,8.685e+08,6,1,0,
130,1,2193945840979,2194017777970,7,35.4506,-81.5803,4,8.683e+08,5,1,0,
114,1,2197807742480,2197879679656,7,26.9249,-90.106,4,8.681e+08,2,1,0,
64,1,2198419279014,2199406420491,11,8.29761,-108.733,4,8.681e+08,1,1,0,
148,1,2200247854150,2200381489824,8,10.4588,-106.572,4,8.683e+08,5,1,0,
358,1,2202748564286,2202820502996,7,21.734,-95.2969,4,8.681e+08,1,1,0,
285,1,2203000684012,2203072622175,7,15.0326,-101.998,4,8.683e+08,5,1,0,
142,1,2204074666370,2205061807947,11,-4.30875,-121.34,4,8.681e+08,1,1,0,
180,1,2204258364475,2204505152876,9,5.61331,-111.418,4,8.683e+08,5,1,0,
331,1,2207429713742,2207882326866,10,2.1247,-114.906,4,8.685e+08,6,1,0,
166,1,2208013702622,2208085639745,7,30.3854,-86.6455,4,8.683e+08,5,1,0,
78,1,2214268273133,2215255414633,11,-2.42221,-119.453,4,8.685e+08,3,1,0,
149,1,2211239860315,2211311799579,7,4.16874,-112.862,4,8.685e+08,4,1,0,
232,1,2213701032068,2214153645348,10,6.14086,-110.89,4,8.683e+08,5,1,0,
260,1,2216955880569,2217027817438,7,39.8511,-77.1798,4,8.681e+08,2,1,0,
3,1,2219694830156,2220147443157,10,7.1189,-109.912,4,8.685e+08,4,1,0,
283,1,2221625488394,2222078101572,10,-2.10248,-119.133,4,8.685e+08,6,1,0,
46,1,2222291251356,2222424887383,8,-4.79339,-121.824,4,8.685e+08,6,1,0,
156,1,2228566581828,2229019194973,10,5.0327,-111.998,4,8.681e+08,2,1,0,
392,1,2229350092574,2229422031159,7,20.442,-96.5889,4,8.683e+08,5,1,0,
385,1,2228728662700,2229715804050,11,-6.2977,-123.329,4,8.681e+08,2,1,0,
244,1,2229995083554,2230447696855,10,-1.65452,-118.685,4,8.685e+08,4,1,0,
332,1,2232359759775,2232431698200,7,4.57232,-112.459,4,8.683e+08,5,1,0,
258,1,2231579269543,2231712905427,8,14.9559,-102.075,4,8.685e+08,4,1,0,
56,1,2245329363551,2245576151767,9,6.38424,-110.647,4,8.681e+08,1,1,0,
385,1,2327442262710,2328429404060,11,6.43979,-110.591,4,8.685e+08,3,1,0,
229,1,2236494052531,2236565991565,7,-4.50495,-121.536,4,8.685e+08,4,1,0,
260,1,2239202653916,2239274590785,7,36.0328,-80.9981,4,8.685e+08,3,1,0,
18,1,2235665805620,2235737744674,7,16.1035,-100.927,4,8.685e+08,3,1,0,
170,1,2245142749724,2245214688306,7,4.83387,-112.197,4,8.685e+08,3,1,0,
343,1,2246390525358,2246462464951,7,14.7291,-102.302,4,8.681e+08,2,1,0,
381,1,2248840569419,2248912508018,7,20.3639,-96.667,4,8.681e+08,1,1,0,
25,1,2254405066673,2254651855250,9,4.79529,-112.236,4,8.685e+08,3,1,0,
149,1,2257402960315,2257474899579,7,7.59146,-109.439,4,8.683e+08,5,1,0,
181,1,2265523557658,2265657193568,8,4.69975,-112.331,4,8.685e+08,3,1,0,
205,1,2266329006207,2267316147611,11,-8.71332,-125.744,4,8.685e+08,4,1,0,
74,1,2266213793717,2266285732315,7,10.414,-106.617,4,8.685e+08,6,1,0,
170,1,2270188666929,2270260605511,7,15.1518,-101.879,4,8.685e+08,4,1,0,
103,1,2276518458853,2276765247307,9,-9.1578,-126.189,4,8.681e+08,2,1,0,
79,1,2277483130493,2277555068713,7,12.0816,-104.949,4,8.683e+08,5,1,0,
18,1,2281903531477,2281975470531,7,11.329,-105.702,4,8.685e+08,4,1,0,
364,1,2282084526761,2282156466138,7,17.192,-99.8389,4,8.685e+08,3,1,0,
344,1,2283052987318,2284040128631,11,-5.11356,-122.144,4,8.685e+08,3,1,0,
342,1,2290150937878,2290222876106,7,16.5066,-100.524,4,8.685e+08,3,1,0,
273,1,2283324156199,2283776769351,10,3.38358,-113.647,4,8.681e+08,9,1,0,
169,1,2290607855885,2290679792482,7,43.0094,-74.0215,4,8.685e+08,3,1,0,
318,1,2297163365995,2298150507433,11,1.14395,-115.887,4,8.685e+08,6,1,0,
157,1,2290818701058,2290890639589,7,8.95118,-108.08,4,8.685e+08,3,1,0,
246,1,2296098263618,2296550876786,10,-0.0289026,-117.06,4,8.685e+08,4,1,0,
46,1,2300630987720,2300764623747,8,3.80126,-113.23,4,8.683e+08,7,1,0,
50,1,2300647293748,2301099906980,10,-1.02129,-118.052,4,8.685e+08,4,1,0,
394,1,2301238159049,2301690771844,10,-7.55877,-124.59,4,8.685e+08,6,1,0,
68,1,2301640578561,2301887367076,9,6.07212,-110.959,4,8.681e+08,2,1,0,
252,1,2306955687193,2307027626622,7,9.59541,-107.435,4,8.685e+08,3,1,0,
175,1,2303575374355,2303709010286,8,-3.51976,-120.551,4,8.685e+08,3,1,0,
112,1,2303919299206,2304166087663,9,7.05325,-109.978,4,8.681e+08,2,1,0,
377,1,2305284903542,2305356842471,7,19.2709,-97.76,4,8.685e+08,4,1,0,
228,1,2306679977448,2306751915359,7,17.2647,-99.7662,4,8.683e+08,5,1,0,
129,1,2307991277726,2308063214270,7,40.8027,-76.2282,4,8.685e+08,3,1,0,
16,1,2312444178271,2312516117081,7,15.2886,-101.742,4,8.681e+08,1,1,0,
377,1,2312714682108,2312786621037,7,10.7579,-106.273,4,8.683e+08,5,1,0,
150,1,2312838678584,2313291291271,10,-4.29179,-121.323,4,8.685e+08,3,1,0,
27,1,2316808612770,2317055401267,9,0.233857,-116.797,4,8.685e+08,3,1,0,
140,1,2312841804379,2312913743096,7,15.7538,-101.277,4,8.685e+08,3,1,0,
97,1,2317750329908,2318202942767,10,-6.30143,-123.332,4,8.685e+08,3,1,0,
238,1,2320575637660,2320709273603,8,12.2021,-104.829,4,8.685e+08,4,1,0,
31,1,2319058434335,2319511047279,10,-0.371951,-117.403,4,8.685e+08,4,1,0,
259,1,2319957887104,2320204675635,9,6.07738,-110.954,4,8.683e+08,7,1,0,
166,1,2321399924483,2321471861606,7,28.8124,-88.2185,4,8.685e+08,6,1,0,
267,1,2321689912410,2322142525644,10,-15.6247,-132.656,4,8.685e+08,4,1,0,
294,1,2322914872035,2323048507803,8,3.39186,-113.639,4,8.681e+08,2,1,0,
74,1,2323401675361,2323473613959,7,17.869,-99.1619,4,8.683e+08,7,1,0,
45,1,2324595220969,2325582362583,11,-4.23146,-121.262,4,8.681e+08,2,1,0,
157,1,2328081760756,2328153699287,7,16.0436,-100.987,4,8.685e+08,4,1,0,
6,1,2328627405680,2328874194290,9,8.59105,-108.44,4,8.685e+08,3,1,0,
271,1,2330300616487,2330753229200,10,5.20407,-111.827,4,8.681e+08,1,1,0,
197,1,2331124692848,2332111834350,11,5.60944,-111.421,4,8.681e+08,2,1,0,
393,1,2333967471216,2334039410753,7,1.7698,-115.261,4,8.681e+08,2,1,0,
395,1,2331707533633,2331779471585,7,21.7552,-95.2757,4,8.685e+08,4,1,0,
8,1,2337501493750,2337748282059,9,3.96187,-113.069,4,8.685e+08,3,1,0,
41,1,2343249817978,2343383453956,8,-1.71969,-118.751,4,8.681e+08,2,1,0,
164,1,2340129610876,2340201550192,7,7.49581,-109.535,4,8.685e+08,6,1,0,
166,1,2341798313716,2341870250839,7,18.3748,-98.6561,4,8.683e+08,7,1,0,
336,1,2348713171752,2348785110766,7,16.7449,-100.286,4,8.685e+08,4,1,0,
292,1,2344348595496,2344801208453,10,7.44721,-109.584,4,8.685e+08,6,1,0,
112,1,2351234800106,2351481588563,9,5.19369,-111.837,4,8.685e+08,3,1,0,
263,1,2351997843612,2352984984926,11,7.42219,-109.609,4,8.683e+08,8,1,0,
98,1,2352558481527,2352630420373,7,16.0653,-100.966,4,8.685e+08,3,1,0,
28,1,2354286763418,2354358700340,7,39.6255,-77.4054,4,8.685e+08,3,1,0,
286,1,2355435088728,2355681877104,9,10.974,-106.057,4,8.681e+08,2,1,0,
399,1,2361243456138,2361696069177,10,2.12937,-114.902,4,8.685e+08,3,1,0,
224,1,2356950970307,2357022907179,7,27.8069,-89.224,4,8.685e+08,6,1,0,
325,1,2364920563953,2364992503059,7,4.75195,-112.279,4,8.681e+08,2,1,0,
84,1,2362147201854,2362219141436,7,17.1132,-99.9177,4,8.685e+08,4,1,0,
369,1,2363016801791,2363088741362,7,7.87481,-109.156,4,8.685e+08,3,1,0,
3,1,2363051284557,2363503897558,10,2.12058,-114.91,4,8.683e+08,5,1,0,
138,1,2358909223213,2359896364528,11,-0.0919183,-117.123,4,8.685e+08,3,1,0,
248,1,2366939751762,2367392364741,10,-1.32046,-118.351,4,8.681e+08,2,1,0,
321,1,2373575650836,2374562792433,11,-2.13174,-119.163,4,8.685e+08,3,1,0,
344,1,2381766587328,2382753728641,11,2.37861,-114.652,4,8.685e+08,4,1,0,
269,1,2370251418202,2370498206825,9,-9.62029,-126.651,4,8.685e+08,3,1,0,
117,1,2373733056280,2373866692190,8,10.5607,-106.47,4,8.685e+08,6,1,0,
84,1,2374549683482,2374621623064,7,7.89133,-109.14,4,8.683e+08,5,1,0,
232,1,2376334771502,2376787384782,10,-12.4053,-129.436,4,8.685e+08,6,1,0,
331,1,2378132261821,2378584874945,10,8.82805,-108.203,4,8.683e+08,7,1,0,
217,1,2377249602778,2377321540374,7,29.784,-87.2469,4,8.683e+08,5,1,0,
171,1,2379947383381,2380019320405,7,31.0156,-86.0153,4,8.685e+08,6,1,0,
188,1,2379517993876,2379651629578,8,11.5443,-105.487,4,8.683e+08,5,1,0,
103,1,2383542834079,2383789622533,9,0.608453,-116.422,4,8.685e+08,3,1,0,
275,1,2386235741589,2386482529777,9,9.96193,-107.069,4,8.681e+08,2,1,0,
335,1,2389005311080,2389077250171,7,10.6075,-106.423,4,8.683e+08,5,1,0,
137,1,2392777684606,2393764826025,11,8.69425,-108.337,4,8.685e+08,3,1,0,
34,1,2389478348560,2389725137172,9,0.512192,-116.519,4,8.685e+08,3,1,0,
165,1,2394306093928,2394758706965,10,2.21536,-114.816,4,8.681e+08,2,1,0,
125,1,2395711614489,2395783553388,7,17.163,-99.8679,4,8.681e+08,2,1,0,
239,1,2398225151255,2398471939609,9,5.95217,-111.079,4,8.683e+08,5,1,0,
196,1,2398643318336,2398715257153,7,5.53749,-111.493,4,8.683e+08,5,1,0,
121,1,2400497577909,2400744366039,9,6.48361,-110.547,4,8.685e+08,4,1,0,
161,1,2402164821812,2402236759212,7,33.082,-83.9489,4,8.685e+08,4,1,0,
120,1,2403258898269,2404246039904,11,2.27594,-114.755,4,8.685e+08,3,1,0,
253,1,2411480836607,2412467977942,11,-1.87674,-118.908,4,8.681e+08,2,1,0,
318,1,2410742887740,2411730029178,11,-4.39729,-121.428,4,8.683e+08,7,1,0,
26,1,2412814522646,2413267135425,10,2.31398,-114.717,4,8.685e+08,4,1,0,
305,1,2416373457310,2416826070344,10,3.27433,-113.757,4,8.683e+08,5,1,0,
41,1,2420918763157,2421052399135,8,-0.104253,-117.135,4,8.685e+08,3,1,0,
55,1,2417820091687,2418807233140,11,-15.2666,-132.297,4,8.685e+08,4,1,0,
330,1,2420779361804,2421026150104,9,9.29761,-107.733,4,8.681e+08,2,1,0,
399,1,2422765133707,2423217746746,10,-3.02412,-120.055,4,8.685e+08,4,1,0,
16,1,2423073675364,2423145614174,7,16.3228,-100.708,4,8.681e+08,2,1,0,
398,1,2428387204224,2428839817394,10,-7.40388,-124.435,4,8.681e+08,2,1,0,
326,1,2423274900375,2423521688873,9,7.19354,-109.837,4,8.685e+08,6,1,0,
54,1,2425423982705,2425557618516,8,0.941448,-116.089,4,8.685e+08,4,1,0,
185,1,2426695592050,2427148205113,10,-15.6336,-132.665,4,8.685e+08,6,1,0,
249,1,2427757132310,2428744273635,11,3.05076,-113.98,4,8.683e+08,7,1,0,
272,1,2429118524310,2429190463522,7,1.35109,-115.68,4,8.685e+08,3,1,0,
269,1,2429203215545,2429450004168,9,6.69619,-110.335,4,8.685e+08,4,1,0,
14,1,2434456860096,2434703648565,9,6.98369,-110.047,4,8.685e+08,3,1,0,
355,1,2431748391862,2431820329691,7,15.7394,-101.292,4,8.685e+08,6,1,0,
56,1,2432945353140,2433192141356,9,6.72719,-110.304,4,8.681e+08,2,1,0,
205,1,2436754989406,2437742130810,11,3.55306,-113.478,4,8.683e+08,5,1,0,
253,1,2510194436617,2511181577952,11,0.345229,-116.686,4,8.685e+08,3,1,0,
274,1,2437371584242,2437443523766,7,5.78359,-111.247,4,8.681e+08,2,1,0,
254,1,2439399950992,2439471890583,7,10.147,-106.884,4,8.685e+08,4,1,0,
274,1,2444565184252,2444637123776,7,4.15699,-112.874,4,8.685e+08,3,1,0,
95,1,2440213612440,2440666225199,10,-2.12097,-119.152,4,8.681e+08,2,1,0,
266,1,2440459512919,2440912125645,10,5.1885,-111.842,4,8.685e+08,3,1,0,
400,1,2442117543470,2442189481229,7,20.9022,-96.1287,4,8.685e+08,4,1,0,
26,1,2458075322656,2458527935435,10,-0.463567,-117.494,4,8.683e+08,5,1,0,
63,1,2446145001300,2446278637115,8,3.35227,-113.679,4,8.681e+08,2,1,0,
232,1,2447322290855,2447774904135,10,-2.49782,-119.529,4,8.683e+08,7,1,0,
80,1,2448744910431,2448816847796,7,13.5595,-103.471,4,8.685e+08,4,1,0,
165,1,2450354337639,2450806950676,10,7.67311,-109.358,4,8.685e+08,3,1,0,
114,1,2519627370537,2519699307713,7,32.41,-84.6209,4,8.685e+08,3,1,0,
323,1,2454346931052,2454418868632,7,25.7985,-91.2324,4,8.685e+08,4,1,0,
55,1,2516533691697,2517520833150,11,-0.989129,-118.02,4,8.683e+08,5,1,0,
187,1,2460090701100,2460162638237,7,30.3564,-86.6745,4,8.681e+08,1,1,0,
324,1,2460835093978,2460907033423,7,4.49946,-112.531,4,8.683e+08,5,1,0,
86,1,2464498393868,2464632029577,8,3.84364,-113.187,4,8.685e+08,4,1,0,
357,1,2465425281493,2465672069872,9,10.0257,-107.005,4,8.681e+08,2,1,0,
249,1,2526470732320,2527457873645,11,-3.10931,-120.14,4,8.683e+08,8,1,0,
358,1,2467624926433,2467696865143,7,13.3674,-103.663,4,8.681e+08,2,1,0,
247,1,2472660087840,2473647229366,11,0.67991,-116.351,4,8.681e+08,1,1,0,
174,1,2474591722165,2474838510425,9,-4.85877,-121.89,4,8.683e+08,5,1,0,
153,1,2477657084622,2477790720372,8,9.28928,-107.742,4,8.681e+08,2,1,0,
9,1,2476877948887,2476949887884,7,8.4872,-108.544,4,8.683e+08,5,1,0,
252,1,2478377734653,2478449674082,7,5.77534,-111.256,4,8.685e+08,4,1,0,
34,1,2480233209060,2480479997672,9,8.40937,-108.622,4,8.685e+08,4,1,0,
396,1,2481447898647,2481519838029,7,10.445,-106.586,4,8.685e+08,3,1,0,
158,1,2482168255052,2482415043194,9,-4.02828,-121.059,4,8.685e+08,3,1,0,
361,1,2484469170104,2485456311459,11,8.08539,-108.946,4,8.681e+08,1,1,0,
246,1,2480836212518,2481288825686,10,5.24872,-111.782,4,8.683e+08,5,1,0,
148,1,2487546033411,2487679669085,8,7.49894,-109.532,4,8.685e+08,6,1,0,
116,1,2489370544809,2489442482692,7,18.9473,-98.0836,4,8.681e+08,2,1,0,
31,1,2491096460280,2491549073224,10,-0.248234,-117.279,4,8.683e+08,5,1,0,
40,1,2491694731805,2491766670416,7,14.6161,-102.415,4,8.681e+08,2,1,0,
375,1,2492897722460,2493031358180,8,10.9881,-106.043,4,8.685e+08,4,1,0,
294,1,2494761139420,2494894775188,8,9.38649,-107.644,4,8.685e+08,3,1,0,
261,1,2493266117719,2493338057122,7,8.08815,-108.943,4,8.685e+08,3,1,0,
396,1,2495478936264,2495550875646,7,12.2046,-104.826,4,8.685e+08,4,1,0,
212,1,2496477244604,2496929857831,10,5.9162,-111.115,4,8.685e+08,4,1,0,
229,1,2497495138346,2497567077380,7,8.04558,-108.985,4,8.683e+08,5,1,0,
158,1,2506846655062,2507093443204,9,0.40985,-116.621,4,8.685e+08,4,1,0,
13,1,2499068745122,2499202380989,8,7.92217,-109.109,4,8.681e+08,1,1,0,
18,1,2500320425228,2500392364282,7,7.97494,-109.056,4,8.683e+08,5,1,0,
144,1,2502309269377,2502381207245,7,19.7071,-97.3238,4,8.681e+08,2,1,0,
47,1,2504573225897,2505025839023,10,3.31256,-113.718,4,8.685e+08,4,1,0,
49,1,2502921909562,2503055545243,8,5.48555,-111.545,4,8.681e+08,2,1,0,
183,1,2504647822827,2505100435509,10,8.97845,-108.052,4,8.683e+08,5,1,0,
262,1,2507140456791,2507212395918,7,16.5599,-100.471,4,8.685e+08,4,1,0,
295,1,2508367103640,2508613891993,9,9.04395,-107.987,4,8.683e+08,7,1,0,
238,1,2509427428642,2509561064585,8,11.6755,-105.355,4,8.683e+08,5,1,0,
24,1,2510166673326,2510238611916,7,4.54154,-112.489,4,8.683e+08,5,1,0,
242,1,2513225097965,2513297035302,7,28.5263,-88.5046,4,8.685e+08,3,1,0,
326,1,2511028666840,2511275455338,9,4.81903,-112.212,4,8.683e+08,7,1,0,
182,1,2514258280704,2514710893786,10,4.21823,-112.813,4,8.681e+08,2,1,0,
236,1,2515785889585,2515857826957,7,23.6244,-93.4065,4,8.685e+08,3,1,0,
222,1,2521569554490,2521641494058,7,-6.36867,-123.4,4,8.685e+08,4,1,0,
9,1,2520688004259,2520759943256,7,9.07061,-107.96,4,8.685e+08,6,1,0,
331,1,2527049771896,2527502385020,10,0.973213,-116.058,4,8.683e+08,8,1,0,
399,1,2524958520078,2525411133117,10,7.08971,-109.941,4,8.683e+08,5,1,0,
382,1,2524606786128,2525593927722,11,2.11448,-114.916,4,8.681e+08,1,1,0,
94,1,2530013248333,2530085187394,7,18.6422,-98.3887,4,8.685e+08,3,1,0,
343,1,2539309397294,2539381336887,7,11.4727,-105.558,4,8.685e+08,3,1,0,
260,1,2532803185421,2532875122290,7,40.6494,-76.3815,4,8.685e+08,4,1,0,
262,1,2535880204672,2535952143799,7,-2.50608,-119.537,4,8.683e+08,5,1,0,
282,1,2542221282660,2543208424166,11,-0.296345,-117.327,4,8.685e+08,4,1,0,
184,1,2550359837069,2550431776243,7,8.4545,-108.576,4,8.683e+08,5,1,0,
20,1,2548129845981,2548201784406,7,6.42988,-110.601,4,8.685e+08,4,1,0,
152,1,2550029062607,2550275850998,9,9.03639,-107.995,4,8.685e+08,6,1,0,
30,1,2541690429736,2542143042738,10,-0.549376,-117.58,4,8.685e+08,3,1,0,
84,1,2552049341564,2552121281146,7,4.20366,-112.827,4,8.685e+08,6,1,0,
248,1,2553509785067,2553962398046,10,2.79883,-114.232,4,8.685e+08,3,1,0,
300,1,2552092209796,2552544822596,10,-3.50821,-120.539,4,8.685e+08,6,1,0,
236,1,2554159769662,2554231707034,7,31.0183,-86.0126,4,8.685e+08,4,1,0,
12,1,2564091708801,2564544321644,10,8.69872,-108.332,4,8.683e+08,8,1,0,
32,1,2555111022090,2555182960970,7,-0.111347,-117.142,4,8.685e+08,3,1,0,
321,1,2555617723328,2556604864925,11,1.98438,-115.047,4,8.685e+08,4,1,0,
237,1,2564301761001,2564754373934,10,-3.10604,-120.137,4,8.685e+08,3,1,0,
231,1,2565475174798,2565547113541,7,14.7397,-102.291,4,8.685e+08,4,1,0,
123,1,2566372170280,2566444108306,7,24.987,-92.0439,4,8.681e+08,2,1,0,
49,1,2569269807895,2569403443576,8,9.99974,-107.031,4,8.685e+08,3,1,0,
175,1,2566929537980,2567063173911,8,9.93681,-107.094,4,8.685e+08,4,1,0,
369,1,2568584377374,2568656316945,7,10.0731,-106.958,4,8.685e+08,4,1,0,
285,1,2569590342495,2569662280658,7,14.5571,-102.474,4,8.685e+08,6,1,0,
168,1,2571152124745,2571604737574,10,5.29213,-111.739,4,8.685e+08,4,1,0,
245,1,2571842216305,2572089004607,9,5.66787,-111.363,4,8.681e+08,1,1,0,
373,1,2578002324664,2578074264130,7,9.59812,-107.433,4,8.683e+08,5,1,0,
257,1,2578807764844,2579054553329,9,-5.17402,-122.205,4,8.685e+08,4,1,0,
305,1,2581343887669,2581796500703,10,2.6094,-114.421,4,8.685e+08,6,1,0,
176,1,2584796661596,2584930297690,8,4.38762,-112.643,4,8.685e+08,3,1,0,
143,1,2586872671208,2586944610288,7,9.96239,-107.069,4,8.681e+08,2,1,0,
398,1,2589438902326,2589891515496,10,-12.9265,-129.957,4,8.685e+08,3,1,0,
13,1,2588206919092,2588340554959,8,-0.723338,-117.754,4,8.681e+08,2,1,0,
309,1,2590868530740,2591321143572,10,9.61712,-107.414,4,8.681e+08,1,1,0,
40,1,2590930079504,2591002018115,7,12.7031,-104.328,4,8.685e+08,3,1,0,
233,1,2591125339896,2591197278459,7,17.3588,-99.6721,4,8.685e+08,3,1,0,
84,1,2594240652219,2594312591801,7,4.7589,-112.272,4,8.683e+08,7,1,0,
94,1,2598981725573,2599053664634,7,18.3021,-98.7288,4,8.685e+08,4,1,0,
150,1,2597451195422,2597903808109,10,-1.5138,-118.545,4,8.685e+08,4,1,0,
38,1,2605550409627,2605622348182,7,6.68918,-110.342,4,8.685e+08,3,1,0,
346,1,2601180929303,2601252867567,7,21.7873,-95.2436,4,8.683e+08,5,1,0,
67,1,2607328183498,2607574971661,9,-6.85669,-123.888,4,8.681e+08,2,1,0,
2,1,2608740206659,2608986994829,9,3.57947,-113.451,4,8.685e+08,3,1,0,
31,1,2609491048662,2609943661606,10,-15.0644,-132.095,4,8.685e+08,6,1,0,
176,1,2612285168664,2612418804758,8,1.57303,-115.458,4,8.685e+08,4,1,0,
199,1,2614650546019,2615637687606,11,5.25602,-111.775,4,8.683e+08,5,1,0,
366,1,2614839499032,2614911436773,7,21.8812,-95.1497,4,8.685e+08,3,1,0,
33,1,2615851663530,2615923601307,7,22.8981,-94.1328,4,8.681e+08,2,1,0,
32,1,2615192045011,2615263983891,7,14.6016,-102.429,4,8.685e+08,4,1,0,
244,1,2617415054039,2617867667340,10,-5.08213,-122.113,4,8.683e+08,5,1,0,
223,1,2616767672016,2617220284818,10,8.15193,-108.879,4,8.681e+08,1,1,0,
109,1,2621397083263,2621849696380,10,0.345949,-116.685,4,8.681e+08,2,1,0,
156,1,2619214860813,2619667473958,10,-4.12312,-121.154,4,8.685e+08,3,1,0,
328,1,2622117940574,2622189879476,7,9.53408,-107.497,4,8.681e+08,2,1,0,
71,1,2622181216618,2622253155481,7,3.27272,-113.758,4,8.683e+08,5,1,0,
237,1,2624818591582,2625271204515,10,8.68808,-108.343,4,8.685e+08,4,1,0,
37,1,2628014085481,2629001227057,11,0.332463,-116.698,4,8.685e+08,3,1,0,
261,1,2628653273295,2628725212698,7,-1.05061,-118.082,4,8.685e+08,4,1,0,
269,1,2628117415928,2628364204551,9,1.5293,-115.502,4,8.683e+08,5,1,0,
300,1,2628478346537,2628930959337,10,-0.104399,-117.135,4,8.683e+08,7,1,0,
340,1,2630819815688,2631806957078,11,5.00249,-112.028,4,8.683e+08,5,1,0,
143,1,2630054482857,2630126421937,7,12.7798,-104.251,4,8.685e+08,3,1,0,
225,1,2635621613854,2635755249742,8,5.78087,-111.25,4,8.681e+08,2,1,0,
268,1,2634711806821,2634958595053,9,9.15877,-107.872,4,8.683e+08,5,1,0,
391,1,2640359889083,2641347030471,11,-0.820908,-117.852,4,8.685e+08,4,1,0,
355,1,2641279344111,2641351281940,7,18.4426,-98.5883,4,8.683e+08,7,1,0,
216,1,2641393691375,2641465630329,7,16.5155,-100.515,4,8.685e+08,3,1,0,
286,1,2648694282396,2648941070772,9,1.95442,-115.076,4,8.685e+08,3,1,0,
300,1,2673739146547,2674191759347,10,-6.81834,-123.849,4,8.683e+08,8,1,0,
26,1,2646556377628,2647008990407,10,10.7813,-106.25,4,8.685e+08,6,1,0,
36,1,2654759155025,2655211767956,10,0.0227192,-117.008,4,8.681e+08,2,1,0,
368,1,2649703518211,2649950306738,9,-2.40841,-119.439,4,8.685e+08,4,1,0,
290,1,2650168484226,2650240423644,7,16.105,-100.926,4,8.681e+08,2,1,0,
279,1,2659275085840,2660262227399,11,0.342045,-116.689,4,8.685e+08,3,1,0,
369,1,2663140038974,2663211978545,7,8.18995,-108.841,4,8.683e+08,5,1,0,
176,1,2663159556372,2663293192466,8,8.98608,-108.045,4,8.683e+08,5,1,0,
110,1,2663474008577,2663545946685,7,14.3116,-102.719,4,8.685e+08,3,1,0,
324,1,2661424948042,2661496887487,7,6.59094,-110.44,4,8.685e+08,6,1,0,
148,1,2672391031770,2672524667444,8,8.36688,-108.664,4,8.683e+08,7,1,0,
120,1,2669861297733,2670848439368,11,0.0874773,-116.943,4,8.685e+08,4,1,0,
16,1,2672077061586,2672149000396,7,17.1815,-99.8494,4,8.685e+08,3,1,0,
203,1,2677031220001,2677103157989,7,24.0695,-92.9614,4,8.681e+08,2,1,0,
93,1,2672603501189,2672675438878,7,23.8667,-93.1642,4,8.681e+08,2,1,0,
149,1,2675031017797,2675102957061,7,7.88924,-109.142,4,8.685e+08,6,1,0,
66,1,2679945935460,2680398548478,10,6.42477,-110.606,4,8.683e+08,7,1,0,
16,1,2684855570577,2684927509387,7,7.76677,-109.264,4,8.685e+08,4,1,0,
235,1,2683563384173,2684015996869,10,-0.0442562,-117.075,4,8.683e+08,5,1,0,
351,1,2685276561365,2685523350027,9,1.35785,-115.673,4,8.685e+08,6,1,0,
89,1,2687315836231,2687387775735,7,12.596,-104.435,4,8.681e+08,1,1,0,
383,1,2690587648039,2690834436526,9,9.99063,-107.04,4,8.685e+08,3,1,0,
315,1,2691203583037,2691275521552,7,5.92057,-111.11,4,8.685e+08,3,1,0,
342,1,2691327956588,2691399894816,7,24.1044,-92.9265,4,8.685e+08,4,1,0,
42,1,2693346176792,2693479812485,8,4.83834,-112.193,4,8.681e+08,2,1,0,
33,1,2695875964916,2695947902693,7,14.4852,-102.546,4,8.685e+08,3,1,0,
243,1,2700933632246,2701386245218,10,5.06162,-111.969,4,8.681e+08,1,1,0,
295,1,2703354805886,2703601594239,9,4.16666,-112.864,4,8.683e+08,8,1,0,
100,1,2704547069297,2704680705040,8,3.8939,-113.137,4,8.681e+08,2,1,0,
112,1,2710460495163,2710707283620,9,6.28161,-110.749,4,8.685e+08,4,1,0,
256,1,2707447689831,2707519629030,7,8.19066,-108.84,4,8.685e+08,4,1,0,
23,1,2710514249467,2710647885387,8,6.94921,-110.082,4,8.681e+08,1,1,0,
31,1,2712313299153,2712765912097,10,2.12612,-114.905,4,8.683e+08,7,1,0,
222,1,2712436445120,2712508384688,7,5.36351,-111.667,4,8.683e+08,5,1,0,
192,1,2717607490273,2717679427457,7,33.5778,-83.4531,4,8.681e+08,2,1,0,
64,1,2712610332995,2713597474472,11,4.5151,-112.516,4,8.681e+08,2,1,0,
41,1,2713262499330,2713396135308,8,6.71752,-110.313,4,8.685e+08,4,1,0,
349,1,2713488628496,2713735416750,9,3.73297,-113.298,4,8.685e+08,3,1,0,
121,1,2720384736310,2720631524440,9,4.34144,-112.689,4,8.683e+08,5,1,0,
209,1,2722677063985,2723664205586,11,-4.20547,-121.236,4,8.685e+08,6,1,0,
366,1,2721003808892,2721075746633,7,18.829,-98.2019,4,8.685e+08,4,1,0,
128,1,2723410442967,2723544078588,8,9.96558,-107.065,4,8.681e+08,2,1,0,
19,1,2723073636614,2723145575339,7,8.40689,-108.624,4,8.681e+08,2,1,0,
375,1,2723491502576,2723625138296,8,6.49784,-110.533,4,8.683e+08,5,1,0,
351,1,2729338956746,2729585745408,9,-8.54514,-125.576,4,8.683e+08,7,1,0,
305,1,2724630733922,2725083346956,10,-0.920417,-117.951,4,8.683e+08,7,1,0,
42,1,2733081835207,2733215470900,8,-0.935569,-117.966,4,8.685e+08,3,1,0,
139,1,2731928551809,2732000490279,7,15.9468,-101.084,4,8.685e+08,3,1,0,
274,1,2733384179441,2733456118965,7,-3.29786,-120.329,4,8.685e+08,4,1,0,
309,1,2741666856522,2742119469354,10,7.47937,-109.552,4,8.681e+08,2,1,0,
283,1,2734253963433,2734706576611,10,-9.37082,-126.402,4,8.683e+08,7,1,0,
57,1,2741883630303,2741955567635,7,8.03339,-108.998,4,8.685e+08,4,1,0,
187,1,2743706752572,2743778689709,7,31.8539,-85.177,4,8.681e+08,2,1,0,
373,1,2743951473780,2744023413246,7,3.02893,-114.002,4,8.685e+08,6,1,0,
321,1,2747621386340,2748608527937,11,-5.65571,-122.687,4,8.683e+08,5,1,0,
106,1,2744000113723,2744452726558,10,-5.12063,-122.152,4,8.681e+08,2,1,0,
383,1,2744988145516,2745234934003,9,-2.93909,-119.97,4,8.685e+08,4,1,0,
66,1,2748197322940,2748649935958,10,-1.0106,-118.042,4,8.683e+08,8,1,0,
367,1,2748399694144,2748852307232,10,-3.82778,-120.859,4,8.685e+08,6,1,0,
256,1,2756891193375,2756963132574,7,10.8868,-106.144,4,8.683e+08,5,1,0,
116,1,2753391431862,2753463369745,7,23.9874,-93.0435,4,8.685e+08,3,1,0,
264,1,2756093060773,2756164999421,7,13.4984,-103.532,4,8.681e+08,1,1,0,
126,1,2757692853997,2757939642480,9,12.0049,-105.026,4,8.685e+08,4,1,0,
343,1,2757429189774,2757501129367,7,5.32247,-111.708,4,8.685e+08,4,1,0,
370,1,2759497167966,2759569106413,7,19.1742,-97.8567,4,8.683e+08,5,1,0,
243,1,2759853142260,2760305755232,10,-6.632,-123.663,4,8.681e+08,2,1,0,
316,1,2761059791922,2761306580513,9,-0.114533,-117.145,4,8.685e+08,4,1,0,
282,1,2761109458518,2762096600024,11,-11.3062,-128.337,4,8.683e+08,5,1,0,
135,1,2761270049855,2761341988059,7,22.4983,-94.5326,4,8.685e+08,3,1,0,
20,1,2765688111112,2765760049537,7,16.8913,-100.14,4,8.683e+08,5,1,0,
131,1,2761634537781,2761768173888,8,-7.0749,-124.106,4,8.683e+08,5,1,0,
214,1,2762899251179,2763032886822,8,9.27349,-107.757,4,8.681e+08,1,1,0,
55,1,2763408412055,2764395553508,11,-0.909853,-117.941,4,8.685e+08,6,1,0,
174,1,2765256816650,2765503604910,9,-0.0800306,-117.111,4,8.685e+08,6,1,0,
207,1,2765466888997,2765713677476,9,2.9753,-114.056,4,8.681e+08,2,1,0,
55,1,2862122012065,2863109153518,11,-6.51779,-123.549,4,8.683e+08,7,1,0,
48,1,2767662869081,2767734808410,7,11.2254,-105.806,4,8.683e+08,5,1,0,
307,1,2767561541575,2767695177399,8,5.02227,-112.009,4,8.683e+08,5,1,0,
240,1,2770176377403,2770248315476,7,20.824,-96.2069,4,8.685e+08,3,1,0,
100,1,2768223366403,2768357002146,8,11.8729,-105.158,4,8.685e+08,3,1,0,
78,1,2768906143476,2769893284976,11,-5.81638,-122.847,4,8.685e+08,4,1,0,
383,1,2769666545526,2769913334013,9,-3.56545,-120.596,4,8.683e+08,5,1,0,
253,1,2769704195043,2770691336378,11,-7.77634,-124.807,4,8.685e+08,4,1,0,
387,1,2779574208864,2779820997026,9,3.77173,-113.259,4,8.683e+08,5,1,0,
70,1,2770248919459,2770701532187,10,6.55675,-110.474,4,8.685e+08,3,1,0,
354,1,2771597832405,2771669771519,7,11.069,-105.962,4,8.685e+08,3,1,0,
292,1,2772930745643,2773383358600,10,5.30753,-111.723,4,8.683e+08,7,1,0,
111,1,2776693681582,2776765621182,7,1.71535,-115.316,4,8.683e+08,5,1,0,
290,1,2781649890342,2781721829760,7,13.5357,-103.495,4,8.685e+08,3,1,0,
74,1,2783699095012,2783771033610,7,21.431,-95.5999,4,8.683e+08,8,1,0,
109,1,2784987916734,2785440529851,10,3.0916,-113.939,4,8.685e+08,3,1,0,
131,1,2785235651291,2785369287398,8,-0.506083,-117.537,4,8.685e+08,6,1,0,
388,1,2783641017076,2784093629934,10,6.10922,-110.922,4,8.681e+08,2,1,0,
262,1,2794232608480,2794304547607,7,12.8093,-104.222,4,8.683e+08,7,1,0,
284,1,2785385161027,2785631949672,9,0.8133,-116.218,4,8.685e+08,4,1,0,
262,1,2787039008470,2787110947597,7,13.9017,-103.129,4,8.685e+08,6,1,0,
144,1,2787305738684,2787377676552,7,23.983,-93.0479,4,8.685e+08,3,1,0,
336,1,2790007818684,2790079757698,7,16.6375,-100.393,4,8.683e+08,5,1,0,
301,1,2789752130172,2789824069452,7,15.0051,-102.026,4,8.681e+08,2,1,0,
306,1,2794130562443,2794377350969,9,6.17827,-110.853,4,8.685e+08,3,1,0,
188,1,2797178585841,2797312221543,8,-2.06255,-119.093,4,8.685e+08,6,1,0,
104,1,2794163015650,2794615628477,10,6.62101,-110.41,4,8.681e+08,2,1,0,
259,1,2795586447267,2795833235798,9,7.19212,-109.839,4,8.683e+08,8,1,0,
175,1,2800081580623,2800215216554,8,-3.27353,-120.304,4,8.683e+08,5,1,0,
90,1,2799931931249,2800003870227,7,15.019,-102.012,4,8.683e+08,5,1,0,
268,1,2800480686000,2800727474232,9,-9.64966,-126.681,4,8.685e+08,6,1,0,
312,1,2800820927560,2800892866803,7,11.5239,-105.507,4,8.685e+08,3,1,0,
391,1,2802606813261,2803593954649,11,-3.43061,-120.462,4,8.683e+08,5,1,0,
121,1,2804392513834,2804639301964,9,9.57774,-107.453,4,8.685e+08,6,1,0,
284,1,2810063561037,2810310349682,9,3.43918,-113.592,4,8.683e+08,5,1,0,
138,1,2805731944696,2806719086011,11,4.0241,-113.007,4,8.685e+08,4,1,0,
317,1,2806706911937,2807159524797,10,2.76533,-114.266,4,8.681e+08,1,1,0,
125,1,2807247977627,2807319916526,7,8.94287,-108.088,4,8.685e+08,3,1,0,
105,1,2815122929000,2815369717559,9,-1.77204,-118.803,4,8.685e+08,3,1,0,
173,1,2808397245397,2808469182807,7,27.5613,-89.4696,4,8.681e+08,2,1,0,
232,1,2810527280054,2810979893334,10,7.22181,-109.809,4,8.683e+08,8,1,0,
302,1,2811170827376,2811623440425,10,0.855754,-116.175,4,8.683e+08,5,1,0,
44,1,2819181201933,2820168343426,11,-1.88731,-118.918,4,8.685e+08,3,1,0,
100,1,2815972571880,2816106207623,8,-7.23728,-124.268,4,8.685e+08,4,1,0,
93,1,2820652977031,2820724914720,7,15.3524,-101.678,4,8.685e+08,3,1,0,
328,1,2821251503386,2821323442288,7,15.5792,-101.452,4,8.685e+08,3,1,0,
356,1,2823635424097,2823707362879,7,12.5919,-104.439,4,8.685e+08,6,1,0,
211,1,2827763825599,2827835763831,7,12.6792,-104.352,4,8.681e+08,1,1,0,
356,1,2830829024107,2830900962889,7,18.3171,-98.7138,4,8.683e+08,7,1,0,
159,1,2831055477733,2831508090671,10,2.43422,-114.597,4,8.685e+08,4,1,0,
325,1,2836446567683,2836518506789,7,13.2262,-103.805,4,8.685e+08,3,1,0,
266,1,2831457803791,2831910416517,10,6.427,-110.604,4,8.685e+08,4,1,0,
380,1,2840988841279,2841975982659,11,2.51683,-114.514,4,8.685e+08,3,1,0,
179,1,2836997080299,2837069018266,7,24.1056,-92.9253,4,8.685e+08,3,1,0,
262,1,2840271128898,2840343068025,7,8.79785,-108.233,4,8.683e+08,8,1,0,
285,1,2840838109104,2840910047267,7,22.0104,-95.0205,4,8.683e+08,7,1,0,
182,1,2844725209467,2845177822549,10,-0.95099,-117.982,4,8.685e+08,3,1,0,
291,1,2846626296119,2846698235074,7,11.602,-105.429,4,8.685e+08,3,1,0,
301,1,2846939921431,2847011860711,7,12.0416,-104.989,4,8.685e+08,3,1,0,
194,1,2849705747016,2849777684486,7,25.9085,-91.1224,4,8.681e+08,1,1,0,
126,1,2851244622700,2851491411183,9,-9.22912,-126.26,4,8.683e+08,5,1,0,
287,1,2851253712436,2851325651719,7,4.62631,-112.405,4,8.681e+08,2,1,0,
300,1,2851681594213,2852134207013,10,-6.02137,-123.052,4,8.681e+08,9,1,0,
151,1,2868771455555,2869018243854,9,3.93518,-113.096,4,8.685e+08,3,1,0,
384,1,2853661338986,2854113952264,10,-2.39977,-119.431,4,8.681e+08,2,1,0,
220,1,2854152059030,2854223997771,7,16.7711,-100.26,4,8.681e+08,2,1,0,
159,1,2876316277743,2876768890681,10,-3.21994,-120.251,4,8.683e+08,5,1,0,
46,1,2870048102943,2870181738970,8,1.67525,-115.356,4,8.683e+08,8,1,0,
181,1,2869850107418,2869983743328,8,2.46163,-114.569,4,8.685e+08,4,1,0,
197,1,2871134162610,2872121304112,11,1.61237,-115.419,4,8.685e+08,3,1,0,
235,1,2871805570730,2872258183426,10,1.86186,-115.169,4,8.685e+08,6,1,0,
245,1,2876940993058,2877187781360,9,2.19799,-114.833,4,8.681e+08,2,1,0,
171,1,2878918726235,2878990663259,7,39.1009,-77.93,4,8.683e+08,7,1,0,
294,1,2879808193325,2879941829093,8,-2.32593,-119.357,4,8.685e+08,4,1,0,
220,1,2879416598194,2879488536935,7,12.4903,-104.541,4,8.685e+08,3,1,0,
346,1,2880111692789,2880183631053,7,16.3372,-100.694,4,8.685e+08,6,1,0,
293,1,2882490124241,2882562062235,7,11.4993,-105.532,4,8.685e+08,4,1,0,
215,1,2881686878930,2882674020358,11,2.23967,-114.791,4,8.681e+08,1,1,0,
202,1,2894679495202,2894751432369,7,28.4202,-88.6107,4,8.683e+08,5,1,0,
198,1,2887414617411,2887867230535,10,1.12844,-115.902,4,8.681e+08,1,1,0,
105,1,2892322861676,2892569650235,9,4.93339,-112.098,4,8.685e+08,4,1,0,
385,1,2893119673694,2894106815044,11,-6.7055,-123.736,4,8.685e+08,4,1,0,
228,1,2893531028155,2893602966066,7,12.1979,-104.833,4,8.685e+08,6,1,0,
43,1,2895493133427,2895565072619,7,8.97712,-108.054,4,8.683e+08,5,1,0,
330,1,2899875813173,2900122601473,9,7.60216,-109.429,4,8.685e+08,3,1,0,
51,1,2896485038188,2897472179831,11,3.60048,-113.43,4,8.685e+08,4,1,0,
311,1,2897062359716,2897309148034,9,3.25869,-113.772,4,8.685e+08,6,1,0,
25,1,2900577337903,2900824126480,9,2.22322,-114.808,4,8.685e+08,4,1,0,
101,1,2915174749092,2915627362076,10,1.29149,-115.739,4,8.681e+08,1,1,0,
289,1,2902473504359,2902545442687,7,17.6801,-99.3508,4,8.685e+08,4,1,0,
367,1,2913177059243,2913629672331,10,4.66268,-112.368,4,8.683e+08,7,1,0,
235,1,2919068335954,2919520948650,10,-0.151635,-117.183,4,8.683e+08,7,1,0,
133,1,2909800889757,2909872827402,7,27.8106,-89.2203,4,8.685e+08,3,1,0,
142,1,2979808429929,2980795571506,11,4.73583,-112.295,4,8.685e+08,3,1,0,
200,1,2922763672457,2922835609776,7,19.64,-97.3909,4,8.685e+08,6,1,0,
361,1,2925911969926,2926899111281,11,4.2937,-112.737,4,8.681e+08,2,1,0,
232,1,2928044235034,2928496848314,10,-3.59832,-120.629,4,8.681e+08,9,1,0,
392,1,2930085274811,2930157213396,7,10.3038,-106.727,4,8.685e+08,6,1,0,
358,1,2932375896962,2932447835672,7,17.0151,-100.016,4,8.685e+08,3,1,0,
334,1,2932293101937,2932539890400,9,1.14447,-115.886,4,8.685e+08,6,1,0,
309,1,2933474021224,2933926634056,10,3.55513,-113.476,4,8.685e+08,3,1,0,
13,1,2935756986982,2935890622849,8,9.19891,-107.832,4,8.685e+08,3,1,0,
177,1,2939759660134,2940006448358,9,1.12934,-115.902,4,8.685e+08,4,1,0,
272,1,2937172778485,2937244717697,7,14.2684,-102.762,4,8.685e+08,4,1,0,
149,1,2937774343288,2937846282552,7,4.38234,-112.649,4,8.683e+08,7,1,0,
204,1,2940218861412,2941206002983,11,-12.4038,-129.435,4,8.683e+08,5,1,0,
75,1,2941995706067,2942448319360,10,8.41212,-108.619,4,8.685e+08,3,1,0,
43,1,2942691034787,2942762973979,7,8.54455,-108.486,4,8.685e+08,6,1,0,
337,1,2946808982926,2946880922359,7,5.25855,-111.772,4,8.683e+08,5,1,0,
76,1,2946502559668,2946749348081,9,5.90938,-111.122,4,8.685e+08,4,1,0,
116,1,2949583768648,2949655706531,7,23.3127,-93.7182,4,8.685e+08,4,1,0,
375,1,2950246416555,2950380052275,8,10.8078,-106.223,4,8.685e+08,6,1,0,
11,1,2951483778102,2951555716994,7,13.7221,-103.309,4,8.685e+08,3,1,0,
111,1,2954424247709,2954496187309,7,14.5448,-102.486,4,8.685e+08,6,1,0,
396,1,2954891976470,2954963915852,7,15.6511,-101.38,4,8.683e+08,5,1,0,
301,1,2956423044889,2956494984169,7,10.2013,-106.83,4,8.685e+08,4,1,0,
156,1,2959346183172,2959798796317,10,2.01935,-115.012,4,8.685e+08,4,1,0,
335,1,2959583771176,2959655710267,7,7.99059,-109.04,4,8.685e+08,6,1,0,
390,1,2964003170725,2964990312061,11,-0.0397854,-117.071,4,8.683e+08,5,1,0,
219,1,2966956272001,2967089908032,8,8.15156,-108.879,4,8.681e+08,2,1,0,
159,1,2969712101573,2970164714511,10,1.56924,-115.462,4,8.685e+08,6,1,0,
182,1,2967292334365,2967744947447,10,6.59034,-110.441,4,8.685e+08,4,1,0,
317,1,2969524690975,2969977303835,10,4.27449,-112.756,4,8.681e+08,2,1,0,
401,1,2969730653949,2969864289672,8,8.25006,-108.781,4,8.685e+08,4,1,0,
329,1,2971720320092,2971967108284,9,-4.03683,-121.068,4,8.681e+08,2,1,0,
194,1,2986223460640,2986295398110,7,10.4578,-106.573,4,8.681e+08,2,1,0,
383,1,2974430812492,2974677600979,9,-2.27424,-119.305,4,8.685e+08,6,1,0,
70,1,2979828855927,2980281468655,10,5.8068,-111.224,4,8.685e+08,4,1,0,
120,1,2985522606639,2986509748274,11,-1.17822,-118.209,4,8.683e+08,5,1,0,
251,1,2988055175994,2989042317582,11,-1.38446,-118.415,4,8.685e+08,3,1,0,
145,1,2994014233529,2994147869440,8,-5.37022,-122.401,4,8.685e+08,4,1,0,
177,1,2989677879305,2989924667529,9,1.2722,-115.759,4,8.683e+08,5,1,0,
360,1,2993108084273,2993241719908,8,3.11629,-113.915,4,8.681e+08,2,1,0,
293,1,2993341883459,2993413821453,7,15.8089,-101.222,4,8.683e+08,5,1,0,
398,1,2994843808556,2995296421726,10,1.63692,-115.394,4,8.685e+08,4,1,0,
173,1,2995348645551,2995420582961,7,28.8136,-88.2173,4,8.685e+08,3,1,0,
142,1,3078522029939,3079509171516,11,0.0996095,-116.931,4,8.685e+08,4,1,0,
249,1,2997277754083,2998264895408,11,-8.97636,-126.007,4,8.681e+08,9,1,0,
258,1,2997991842399,2998125478283,8,-8.41973,-125.451,4,8.683e+08,5,1,0,
35,1,2998501247268,2998748035848,9,1.32905,-115.702,4,8.681e+08,2,1,0,
305,1,3000841234572,3001293847606,10,1.24022,-115.791,4,8.683e+08,8,1,0,
234,1,2998820289699,2998892229269,7,6.79691,-110.234,4,8.685e+08,4,1,0,
129,1,2999350873926,2999422810470,7,35.1388,-81.8921,4,8.685e+08,4,1,0,
83,1,2999702756619,2999949545214,9,2.29245,-114.738,4,8.685e+08,4,1,0,
343,1,3006123152434,3006195092027,7,10.4246,-106.606,4,8.683e+08,5,1,0,
149,1,3010719971104,3010791910368,7,7.29312,-109.738,4,8.683e+08,8,1,0,
235,1,3007858786508,3008311399204,10,4.56499,-112.466,4,8.683e+08,8,1,0,
278,1,3007992098279,3008064036747,7,18.2169,-98.814,4,8.685e+08,4,1,0,
208,1,3011335567192,3011469203234,8,7.79043,-109.24,4,8.683e+08,5,1,0,
293,1,3019798151721,3019870089715,7,0.838501,-116.192,4,8.685e+08,6,1,0,
27,1,3013639713967,3013886502464,9,8.11666,-108.914,4,8.685e+08,4,1,0,
371,1,3014540740337,3014612679221,7,8.19676,-108.834,4,8.681e+08,1,1,0,
294,1,3020508227983,3020641863751,8,12.8599,-104.171,4,8.683e+08,5,1,0,
283,1,3025218671105,3025671284283,10,-0.12468,-117.156,4,8.683e+08,8,1,0,
342,1,3028157869576,3028229807804,7,23.2986,-93.7323,4,8.683e+08,5,1,0,
222,1,3028715779121,3028787718689,7,8.77506,-108.256,4,8.685e+08,6,1,0,
323,1,3029117979726,3029189917306,7,30.1365,-86.8944,4,8.683e+08,5,1,0,
214,1,3027300911921,3027434547564,8,4.57679,-112.454,4,8.681e+08,2,1,0,
92,1,3030114370928,3030186309684,7,14.7934,-102.237,4,8.683e+08,5,1,0,
339,1,3030954401327,3031026340369,7,10.6894,-106.342,4,8.685e+08,6,1,0,
349,1,3033048183678,3033294971932,9,5.14954,-111.881,4,8.685e+08,4,1,0,
300,1,3034468870351,3034921483151,10,-0.261326,-117.292,4,8.683e+08,10,1,0,
102,1,3033407624933,3033479563830,7,8.30624,-108.725,4,8.685e+08,3,1,0,
274,1,3035257932485,3035329872009,7,10.6304,-106.401,4,8.683e+08,5,1,0,
89,1,3037066699305,3037138638809,7,10.7978,-106.233,4,8.681e+08,2,1,0,
115,1,3037249430715,3037383066721,8,11.439,-105.592,4,8.685e+08,3,1,0,
117,1,3038633808078,3038767443988,8,7.8508,-109.18,4,8.683e+08,7,1,0,
361,1,3039703195968,3040690337323,11,-1.58761,-118.619,4,8.685e+08,3,1,0,
274,1,3042451532495,3042523472019,7,9.3231,-107.708,4,8.685e+08,6,1,0,
86,1,3040938173305,3041071809014,8,5.01731,-112.014,4,8.683e+08,5,1,0,
163,1,3041397297077,3041469234061,7,32.4574,-84.5735,4,8.685e+08,4,1,0,
367,1,3043034042756,3043486655844,10,1.00745,-116.023,4,8.683e+08,8,1,0,
111,1,3042540128374,3042612067974,7,10.1736,-106.857,4,8.683e+08,7,1,0,
195,1,3045870048877,3045941987559,7,8.50361,-108.527,4,8.685e+08,4,1,0,
134,1,3047263095391,3047335034024,7,11.5863,-105.445,4,8.685e+08,3,1,0,
164,1,3046083253649,3046155192965,7,10.0676,-106.963,4,8.683e+08,7,1,0,
369,1,3049955854526,3050027794097,7,11.0821,-105.949,4,8.685e+08,6,1,0,
50,1,3051952775928,3052405389160,10,4.17444,-112.856,4,8.683e+08,5,1,0,
101,1,3052119237328,3052571850312,10,-3.78458,-120.815,4,8.681e+08,2,1,0,
123,1,3053068055970,3053139993996,7,19.2314,-97.7995,4,8.685e+08,3,1,0,
204,1,3053229339970,3054216481541,11,-8.3599,-125.391,4,8.685e+08,6,1,0,
219,1,3056807344086,3056940980117,8,5.25624,-111.775,4,8.685e+08,3,1,0,
110,1,3054831936744,3054903874852,7,21.3566,-95.6743,4,8.685e+08,4,1,0,
187,1,3054939073824,3055011010961,7,30.8339,-86.197,4,8.685e+08,3,1,0,
262,1,3059102790517,3059174729644,7,10.3882,-106.643,4,8.681e+08,9,1,0,
354,1,3060658279251,3060730218365,7,12.3273,-104.704,4,8.685e+08,4,1,0,
178,1,3060776510920,3061023299401,9,0.576822,-116.454,4,8.685e+08,4,1,0,
51,1,3063517526381,3064504668024,11,-0.684252,-117.715,4,8.683e+08,5,1,0,
175,1,3064479045428,3064612681359,8,2.27804,-114.753,4,8.685e+08,6,1,0,
243,1,3064043607610,3064496220582,10,-4.54737,-121.578,4,8.685e+08,3,1,0,
89,1,3066168796069,3066240735573,7,-5.30427,-122.335,4,8.685e+08,3,1,0,
120,1,3084236206649,3085223348284,11,5.39089,-111.64,4,8.685e+08,6,1,0,
150,1,3066182108321,3066634721008,10,-0.444391,-117.475,4,8.683e+08,5,1,0,
34,1,3069549848638,3069796637250,9,5.68681,-111.344,4,8.683e+08,5,1,0,
5,1,3074239627142,3074311564454,7,17.7006,-99.3303,4,8.685e+08,4,1,0,
375,1,3073690114022,3073823749742,8,10.0413,-106.99,4,8.683e+08,7,1,0,
89,1,3074037712977,3074109652481,7,9.08589,-107.945,4,8.685e+08,4,1,0,
318,1,3078756669174,3079743810612,11,1.48083,-115.55,4,8.683e+08,8,1,0,
11,1,3075148142644,3075220081536,7,10.4701,-106.561,4,8.685e+08,4,1,0,
275,1,3079376388937,3079623177125,9,5.26815,-111.763,4,8.685e+08,3,1,0,
336,1,3079792659555,3079864598569,7,14.9234,-102.108,4,8.685e+08,6,1,0,
13,1,3082196299486,3082329935353,8,5.38437,-111.647,4,8.685e+08,4,1,0,
281,1,3085372693167,3085506329054,8,10.8383,-106.193,4,8.685e+08,6,1,0,
310,1,3084796569097,3085783710429,11,-4.44934,-121.48,4,8.683e+08,5,1,0,
212,1,3089785043995,3090237657222,10,5.56272,-111.468,4,8.683e+08,5,1,0,
265,1,3090784617757,3091031406090,9,9.89827,-107.133,4,8.685e+08,4,1,0,
243,1,3109304407620,3109757020592,10,-0.276687,-117.308,4,8.685e+08,4,1,0,
90,1,3097643451296,3097715390274,7,13.0883,-103.943,4,8.685e+08,6,1,0,
118,1,3092847552349,3093094340625,9,4.00926,-113.022,4,8.681e+08,1,1,0,
50,1,3097213575938,3097666189170,10,3.48992,-113.541,4,8.685e+08,6,1,0,
311,1,3100865036044,3101111824362,9,4.25845,-112.772,4,8.683e+08,7,1,0,
289,1,3097711583299,3097783521627,7,12.6053,-104.426,4,8.683e+08,5,1,0,
91,1,3104091305176,3104224940893,8,13.607,-103.424,4,8.685e+08,3,1,0,
239,1,3103702685125,3103949473479,9,14.3182,-102.713,4,8.685e+08,6,1,0,
26,1,3104565403623,3105018016402,10,-0.24962,-117.281,4,8.683e+08,7,1,0,
230,1,3104332252987,3104404192498,7,4.03299,-112.998,4,8.685e+08,6,1,0,
24,1,3104758952356,3104830890946,7,17.4632,-99.5677,4,8.685e+08,6,1,0,
38,1,3107006720008,3107078658563,7,-0.110077,-117.141,4,8.685e+08,4,1,0,
271,1,3107766748165,3108219360878,10,10.6825,-106.348,4,8.681e+08,2,1,0,
80,1,3112978005953,3113049943318,7,27.5359,-89.495,4,8.683e+08,5,1,0,
286,1,3108213262306,3108460050682,9,-6.8374,-123.868,4,8.685e+08,4,1,0,
188,1,3110589726251,3110723361953,8,11.49,-105.541,4,8.683e+08,7,1,0,
83,1,3116281135100,3116527923695,9,-6.98735,-124.018,4,8.683e+08,5,1,0,
221,1,3113305556794,3113758169825,10,3.12425,-113.907,4,8.685e+08,4,1,0,
152,1,3120009100170,3120255888561,9,-0.378781,-117.41,4,8.683e+08,7,1,0,
66,1,3122227800218,3122680413236,10,4.38014,-112.651,4,8.681e+08,9,1,0,
308,1,3123125029581,3123196967581,7,17.6368,-99.3941,4,8.681e+08,1,1,0,
144,1,3128204583035,3128276520903,7,26.3386,-90.6923,4,8.685e+08,4,1,0,
359,1,3125650918986,3126103531682,10,3.14028,-113.891,4,8.685e+08,3,1,0,
339,1,3128542314650,3128614253692,7,16.406,-100.625,4,8.683e+08,7,1,0,
29,1,3129834871372,3130287484300,10,-10.8875,-127.918,4,8.681e+08,2,1,0,
337,1,3132858140597,3132930080030,7,14.4828,-102.548,4,8.685e+08,6,1,0,
43,1,3133905865148,3133977804340,7,17.4747,-99.5562,4,8.683e+08,7,1,0,
235,1,3135866513363,3136319126059,10,6.53468,-110.496,4,8.681e+08,9,1,0,
365,1,3136329659146,3136401598337,7,14.3238,-102.707,4,8.681e+08,2,1,0,
312,1,3138239446801,3138311386044,7,-1.05075,-118.082,4,8.685e+08,4,1,0,
90,1,3138631447856,3138703386834,7,14.3641,-102.667,4,8.683e+08,7,1,0,
203,1,3139451660721,3139523598709,7,22.4042,-94.6267,4,8.685e+08,3,1,0,
172,1,3139693532261,3140146145117,10,-2.6444,-119.675,4,8.685e+08,3,1,0,
180,1,3140362288389,3140609076790,9,9.2327,-107.798,4,8.685e+08,6,1,0,
239,1,3142533515262,3142780303616,9,9.01254,-108.018,4,8.683e+08,7,1,0,
128,1,3145638978306,3145772613927,8,14.2129,-102.818,4,8.685e+08,3,1,0,
76,1,3146985735671,3147232524084,9,7.0413,-109.99,4,8.683e+08,5,1,0,
4,1,3153051745321,3153123682656,7,28.5282,-88.5027,4,8.683e+08,5,1,0,
119,1,3153589638110,3153661576383,7,14.0868,-102.944,4,8.681e+08,1,1,0,
151,1,3160452957748,3160699746047,9,-4.97382,-122.005,4,8.685e+08,4,1,0,
99,1,3152704350635,3152776288346,7,22.9052,-94.1257,4,8.685e+08,4,1,0,
189,1,3156444534053,3156897147020,10,-0.178999,-117.21,4,8.685e+08,4,1,0,
265,1,3161090123068,3161336911401,9,4.85259,-112.178,4,8.683e+08,5,1,0,
340,1,3162006732292,3162993873682,11,-0.350215,-117.381,4,8.685e+08,6,1,0,
148,1,3165006595702,3165140231376,8,13.4193,-103.612,4,8.683e+08,8,1,0,
32,1,3172947291813,3173019230693,7,4.72849,-112.302,4,8.683e+08,5,1,0,
218,1,3174609527859,3174681467455,7,10.1203,-106.911,4,8.685e+08,4,1,0,
322,1,3179060010064,3180047151397,11,-2.0215,-119.052,4,8.685e+08,3,1,0,
200,1,3181576041230,3181647978549,7,31.0799,-85.951,4,8.683e+08,7,1,0,
158,1,3185746072788,3185992860930,9,7.43812,-109.593,4,8.683e+08,5,1,0,
371,1,3187037004475,3187108943359,7,4.03539,-112.996,4,8.681e+08,2,1,0,
301,1,3188772520919,3188844460199,7,1.80047,-115.23,4,8.683e+08,5,1,0,
278,1,3188463853949,3188535792417,7,17.185,-99.8459,4,8.683e+08,5,1,0,
241,1,3194802642205,3194874581481,7,2.27804,-114.753,4,8.681e+08,1,1,0,
246,1,3194865942434,3195318555602,10,2.11775,-114.913,4,8.685e+08,6,1,0,
176,1,3195598130171,3195731766265,8,10.0928,-106.938,4,8.685e+08,6,1,0,
300,1,3198689804901,3199142417701,10,2.83925,-114.192,4,8.685e+08,11,1,0,
230,1,3205379173760,3205451113271,7,-4.90775,-121.939,4,8.683e+08,7,1,0,
266,1,3202744658119,3203197270845,10,4.77937,-112.252,4,8.685e+08,6,1,0,
235,1,3203568697044,3204021309740,10,2.23237,-114.799,4,8.683e+08,10,1,0,
106,1,3205788357470,3206240970305,10,-9.30843,-126.339,4,8.685e+08,3,1,0,
86,1,3206218894967,3206352530676,8,12.7003,-104.331,4,8.685e+08,6,1,0,
264,1,3210127143769,3210199082417,7,14.7508,-102.28,4,8.681e+08,2,1,0,
27,1,3210559036789,3210805825286,9,-1.98707,-119.018,4,8.683e+08,5,1,0,
143,1,3213136392563,3213208331643,7,12.0572,-104.974,4,8.685e+08,4,1,0,
306,1,3212192092740,3212438881266,9,7.32648,-109.704,4,8.685e+08,4,1,0,
284,1,3213815513524,3214062302169,9,3.7195,-113.311,4,8.685e+08,6,1,0,
35,1,3214445545535,3214692334115,9,1.16503,-115.866,4,8.685e+08,3,1,0,
49,1,3215032255907,3215165891588,8,6.66472,-110.366,4,8.685e+08,4,1,0,
287,1,3215263337013,3215335276296,7,0.377822,-116.653,4,8.685e+08,3,1,0,
60,1,3215915658139,3215987597564,7,0.42767,-116.603,4,8.683e+08,5,1,0,
52,1,3218028411541,3218275199756,9,3.53781,-113.493,4,8.685e+08,4,1,0,
14,1,3220003429366,3220250217835,9,6.58745,-110.443,4,8.683e+08,5,1,0,
278,1,3222898891350,3222970829818,7,6.79697,-110.234,4,8.685e+08,6,1,0,
55,1,3223032873669,3224020015122,11,0.960331,-116.071,4,8.683e+08,8,1,0,
125,1,3223946114897,3224018053796,7,16.8089,-100.222,4,8.685e+08,4,1,0,
229,1,3226708152336,3226780091370,7,8.1374,-108.894,4,8.685e+08,6,1,0,
120,1,3226973512312,3227960653947,11,-1.60794,-118.639,4,8.683e+08,7,1,0,
347,1,3230989051489,3231441664618,10,-3.35306,-120.384,4,8.681e+08,9,1,0,
294,1,3227869942129,3228003577897,8,5.02823,-112.003,4,8.685e+08,6,1,0,
122,1,3228752110761,3229204723827,10,1.1791,-115.852,4,8.683e+08,5,1,0,
310,1,3240809239935,3241796381267,11,5.43538,-111.596,4,8.685e+08,6,1,0,
42,1,3238552023251,3238685658944,8,5.90853,-111.122,4,8.685e+08,4,1,0,
7,1,3239760161131,3240006949553,9,1.35487,-115.676,4,8.685e+08,3,1,0,
171,1,3240810571522,3240882508546,7,29.3088,-87.7221,4,8.683e+08,8,1,0,
319,1,3242389768427,3242842381712,10,4.14979,-112.881,4,8.685e+08,6,1,0,
391,1,3244427966750,3245415108138,11,1.02804,-116.003,4,8.685e+08,6,1,0,
271,1,3242795560969,3243248173682,10,3.77732,-113.254,4,8.685e+08,3,1,0,
63,1,3243209912406,3243343548221,8,4.44346,-112.587,4,8.685e+08,3,1,0,
90,1,3243331686933,3243403625911,7,5.27203,-111.759,4,8.683e+08,8,1,0,
328,1,3243503310908,3243575249810,7,19.8795,-97.1514,4,8.685e+08,4,1,0,
199,1,3247927078973,3248914220560,11,2.78431,-114.247,4,8.685e+08,6,1,0,
20,1,3252981554045,3253053492470,7,18.2876,-98.7433,4,8.685e+08,6,1,0,
399,1,3251263869708,3251716482747,10,-1.54465,-118.576,4,8.685e+08,6,1,0,
70,1,3254267227601,3254719840329,10,8.00214,-109.029,4,8.683e+08,5,1,0,
15,1,3255588233542,3256040846540,10,0.0842809,-116.947,4,8.685e+08,3,1,0,
299,1,3257271278664,3257343217869,7,16.0211,-101.01,4,8.685e+08,4,1,0,
182,1,3258330591122,3258783204204,10,7.92367,-109.107,4,8.683e+08,5,1,0,
179,1,3267066382634,3267138320601,7,21.3439,-95.687,4,8.685e+08,4,1,0,
400,1,3267337462448,3267409400207,7,21.9914,-95.0395,4,8.683e+08,5,1,0,
252,1,3268247847984,3268319787413,7,14.739,-102.292,4,8.683e+08,5,1,0,
248,1,3269763721876,3270216334855,10,-1.41219,-118.443,4,8.685e+08,4,1,0,
285,1,3268445308662,3268517246825,7,19.399,-97.6319,4,8.683e+08,8,1,0,
225,1,3272521797220,3272655433108,8,-2.56433,-119.595,4,8.685e+08,3,1,0,
28,1,3268394672092,3268466609014,7,27.034,-89.9969,4,8.685e+08,4,1,0,
315,1,3281079150533,3281151089048,7,21.7119,-95.319,4,8.685e+08,4,1,0,
300,1,3273613195813,3274065808613,10,-0.00921171,-117.04,4,8.683e+08,12,1,0,
358,1,3274928279674,3275000218384,7,7.28707,-109.744,4,8.685e+08,4,1,0,
363,1,3277683926253,3277755863691,7,22.7616,-94.2693,4,8.683e+08,5,1,0,
239,1,3281559864306,3281806652660,9,-4.92514,-121.956,4,8.683e+08,8,1,0,
322,1,3282961899374,3283949040707,11,-5.56647,-122.597,4,8.685e+08,4,1,0,
247,1,3283250285900,3284237427426,11,-12.6568,-129.688,4,8.681e+08,2,1,0,
118,1,3286622890320,3286869678596,9,0.662539,-116.368,4,8.681e+08,2,1,0,
348,1,3286687960323,3286934748820,9,-8.17363,-125.205,4,8.683e+08,7,1,0,
362,1,3295733969825,3296186582678,10,-1.87434,-118.905,4,8.685e+08,6,1,0,
346,1,3288369212115,3288441150379,7,18.8559,-98.175,4,8.683e+08,7,1,0,
277,1,3288961665871,3289095301928,8,11.6236,-105.407,4,8.683e+08,5,1,0,
267,1,3289368671542,3289821284776,10,0.179707,-116.851,4,8.683e+08,5,1,0,
395,1,3294358737228,3294430675180,7,23.3332,-93.6977,4,8.683e+08,5,1,0,
73,1,3297411359090,3297483296018,7,30.4427,-86.5882,4,8.685e+08,3,1,0,
2,1,3300882494266,3301129282436,9,-6.7563,-123.787,4,8.685e+08,4,1,0,
336,1,3303605185119,3303677124133,7,6.69114,-110.34,4,8.683e+08,7,1,0,
102,1,3306587892412,3306659831309,7,1.74887,-115.282,4,8.685e+08,4,1,0,
354,1,3307169774819,3307241713933,7,7.02952,-110.001,4,8.683e+08,5,1,0,
184,1,3306833896952,3306905836126,7,8.37812,-108.653,4,8.685e+08,6,1,0,
289,1,3309032319454,3309104257782,7,18.0997,-98.9312,4,8.685e+08,6,1,0,
136,1,3310751042324,3310822981077,7,3.46197,-113.569,4,8.681e+08,1,1,0,
315,1,3312156785676,3312228724191,7,20.1056,-96.9253,4,8.683e+08,5,1,0,
252,1,3312293261036,3312365200465,7,12.7494,-104.281,4,8.685e+08,6,1,0,
220,1,3312752528153,3312824466894,7,18.2785,-98.7524,4,8.685e+08,4,1,0,
8,1,3313655526666,3313902314975,9,4.13824,-112.893,4,8.685e+08,4,1,0,
136,1,3317944642334,3318016581087,7,15.4733,-101.558,4,8.681e+08,2,1,0,
268,1,3316837022196,3317083810428,9,11.4141,-105.617,4,8.683e+08,7,1,0,
102,1,3317210856009,3317282794906,7,11.7139,-105.317,4,8.683e+08,5,1,0,
272,1,3319254272704,3319326211916,7,3.06126,-113.97,4,8.683e+08,5,1,0,
30,1,3317736219471,3318188832473,10,0.522538,-116.508,4,8.685e+08,4,1,0,
213,1,3322211904001,3322283841439,7,20.8513,-96.1796,4,8.685e+08,4,1,0,
109,1,3322416077134,3322868690251,10,-4.93884,-121.97,4,8.685e+08,4,1,0,
54,1,3329687360726,3329820996537,8,6.60713,-110.424,4,8.683e+08,5,1,0,
277,1,3326824501595,3326958137652,8,2.74871,-114.282,4,8.685e+08,6,1,0,
391,1,3343141566760,3344128708148,11,-3.5041,-120.535,4,8.683e+08,7,1,0,
202,1,3331849277260,3331921214427,7,31.0958,-85.9351,4,8.685e+08,6,1,0,
365,1,3333504895783,3333576834974,7,8.05887,-108.972,4,8.685e+08,3,1,0,
219,1,3338904886209,3339038522240,8,-0.640896,-117.672,4,8.685e+08,4,1,0,
365,1,3340698495793,3340770434984,7,9.11487,-107.916,4,8.685e+08,4,1,0,
373,1,3336798147663,3336870087129,7,11.4864,-105.544,4,8.683e+08,7,1,0,
337,1,3339352320007,3339424259440,7,14.5988,-102.432,4,8.683e+08,7,1,0,
309,1,3344015443142,3344468055974,10,6.22901,-110.802,4,8.685e+08,4,1,0,
137,1,3342112020327,3343099161746,11,3.85654,-113.174,4,8.685e+08,4,1,0,
382,1,3345744761990,3346731903584,11,3.42178,-113.609,4,8.685e+08,3,1,0,
207,1,3349052223409,3349299011888,9,-2.70387,-119.735,4,8.685e+08,3,1,0,
169,1,3347794375281,3347866311878,7,45.127,-71.9039,4,8.685e+08,4,1,0,
383,1,3350143575223,3350390363710,9,7.88638,-109.145,4,8.683e+08,7,1,0,
41,1,3350122741640,3350256377618,8,11.1086,-105.922,4,8.683e+08,5,1,0,
46,1,3350194679934,3350328315961,8,4.71604,-112.315,4,8.681e+08,9,1,0,
121,1,3352532000859,3352778788989,9,6.06089,-110.97,4,8.683e+08,7,1,0,
94,1,3356216746240,3356288685301,7,15.4995,-101.531,4,8.683e+08,5,1,0,
264,1,3352694320019,3352766258667,7,14.4637,-102.567,4,8.685e+08,3,1,0,
109,1,3367676877144,3368129490261,10,-3.30946,-120.34,4,8.683e+08,5,1,0,
201,1,3368729110941,3368801049565,7,0.208287,-116.823,4,8.683e+08,5,1,0,
237,1,3365309315724,3365761928657,10,-4.39079,-121.422,4,8.683e+08,5,1,0,
371,1,3366137352613,3366209291497,7,3.67674,-113.354,4,8.685e+08,3,1,0,
80,1,3367392623903,3367464561268,7,28.2461,-88.7848,4,8.685e+08,6,1,0,
11,1,3367970216949,3368042155841,7,3.21588,-113.815,4,8.683e+08,5,1,0,
178,1,3372596157997,3372842946478,9,-6.42807,-123.459,4,8.683e+08,5,1,0,
134,1,3373471972602,3373543911235,7,11.6557,-105.375,4,8.685e+08,4,1,0,
207,1,3386586103956,3386832892435,9,4.77096,-112.26,4,8.685e+08,4,1,0,
85,1,3385807328726,3385879266976,7,9.41976,-107.611,4,8.685e+08,4,1,0,
198,1,3388525971416,3388978584540,10,2.97717,-114.054,4,8.681e+08,2,1,0,
195,1,3392123971721,3392195910403,7,13.0371,-103.994,4,8.683e+08,5,1,0,
332,1,3392890218935,3392962157360,7,-3.6726,-120.703,4,8.685e+08,6,1,0,
360,1,3394127846275,3394261481910,8,5.97733,-111.054,4,8.685e+08,3,1,0,
72,1,3391579229259,3391651167870,7,11.0708,-105.96,4,8.685e+08,4,1,0,
356,1,3393754191856,3393826130638,7,-3.59302,-120.624,4,8.683e+08,8,1,0,
384,1,3397307524882,3397760138160,10,-1.50772,-118.539,4,8.685e+08,3,1,0,
346,1,3398768323520,3398840261784,7,14.8685,-102.162,4,8.683e+08,8,1,0,
126,1,3399717372181,3399964160664,9,-3.53585,-120.567,4,8.685e+08,6,1,0,
369,1,3400208743585,3400280683156,7,11.7711,-105.26,4,8.683e+08,7,1,0,
393,1,3400496562782,3400568502319,7,6.32398,-110.707,4,8.685e+08,3,1,0,
256,1,3402594826309,3402666765508,7,9.99151,-107.039,4,8.685e+08,6,1,0,
9,1,3408118053375,3408189992372,7,9.50757,-107.523,4,8.683e+08,7,1,0,
141,1,3408180096284,3408426884822,9,4.488,-112.543,4,8.683e+08,8,1,0,
382,1,3444458362000,3445445503594,11,1.69165,-115.339,4,8.685e+08,4,1,0,
20,1,3410794629465,3410866567890,7,13.7513,-103.28,4,8.683e+08,7,1,0,
284,1,3414697414300,3414944202945,9,4.4028,-112.628,4,8.683e+08,7,1,0,
172,1,3411765208691,3412217821547,10,2.34389,-114.687,4,8.685e+08,4,1,0,
386,1,3421518418089,3421971031195,10,-5.25164,-122.283,4,8.681e+08,2,1,0,
185,1,3422546484348,3422999097411,10,7.12144,-109.909,4,8.683e+08,7,1,0,
397,1,3423395714748,3423848328026,10,-6.21776,-123.249,4,8.685e+08,4,1,0,
205,1,3429714823026,3430701964430,11,4.08356,-112.947,4,8.685e+08,6,1,0,
137,1,3440825620337,3441812761756,11,-1.25236,-118.283,4,8.683e+08,5,1,0,
222,1,3430410122764,3430482062332,7,4.99979,-112.031,4,8.683e+08,7,1,0,
330,1,3431992847123,3432239635423,9,-7.33384,-124.365,4,8.685e+08,4,1,0,
71,1,3431618915697,3431690854560,7,16.1279,-100.903,4,8.685e+08,6,1,0,
360,1,3433416122913,3433549758548,8,7.22104,-109.81,4,8.685e+08,4,1,0,
304,1,3432332106057,3432404045362,7,13.6479,-103.383,4,8.685e+08,6,1,0,
310,1,3433146051499,3434133192831,11,3.82867,-113.202,4,8.683e+08,7,1,0,
317,1,3435124091545,3435576704405,10,-0.805686,-117.837,4,8.685e+08,3,1,0,
359,1,3437122349566,3437574962262,10,-0.34395,-117.375,4,8.685e+08,4,1,0,
33,1,3439094359902,3439166297679,7,19.9786,-97.0523,4,8.685e+08,4,1,0,
75,1,3438240460516,3438693073809,10,4.17347,-112.857,4,8.685e+08,4,1,0,
264,1,3438824318608,3438896257256,7,13.7475,-103.283,4,8.685e+08,4,1,0,
319,1,3439876642009,3440329255294,10,5.66,-111.371,4,8.683e+08,7,1,0,
119,1,3442051127795,3442123066068,7,9.09936,-107.932,4,8.681e+08,2,1,0,
383,1,3442166794416,3442413582903,9,3.35238,-113.679,4,8.683e+08,8,1,0,
172,1,3457026008701,3457478621557,10,3.84502,-113.186,4,8.683e+08,5,1,0,
96,1,3447705965922,3447777905459,7,13.5356,-103.495,4,8.683e+08,5,1,0,
255,1,3447409927493,3447481865610,7,16.9786,-100.052,4,8.683e+08,5,1,0,
358,1,3451118275255,3451190213965,7,20.3047,-96.7262,4,8.683e+08,5,1,0,
327,1,3451528454932,3451662090755,8,10.9922,-106.039,4,8.681e+08,1,1,0,
79,1,3452068381237,3452140319457,7,18.5816,-98.4493,4,8.685e+08,6,1,0,
150,1,3459580144504,3460032757191,10,2.99537,-114.036,4,8.685e+08,6,1,0,
93,1,3454370543158,3454442480847,7,24.2213,-92.8096,4,8.685e+08,4,1,0,
401,1,3460631027129,3460764662852,8,4.86789,-112.163,4,8.683e+08,5,1,0,
239,1,3460665318517,3460912106871,9,5.21189,-111.819,4,8.681e+08,9,1,0,
373,1,3468044633116,3468116572582,7,12.5074,-104.523,4,8.683e+08,8,1,0,
35,1,3464882301239,3465129089819,9,-3.93138,-120.962,4,8.685e+08,4,1,0,
180,1,3470172089036,3470418877437,9,7.26336,-109.768,4,8.683e+08,7,1,0,
102,1,3468779457773,3468851396670,7,11.6915,-105.339,4,8.685e+08,6,1,0,
118,1,3468876050906,3469122839182,9,3.33844,-113.692,4,8.685e+08,3,1,0,
148,1,3472784480300,3472918115974,8,16.1717,-100.859,4,8.681e+08,9,1,0,
354,1,3473389378443,3473461317557,7,3.76918,-113.262,4,8.685e+08,6,1,0,
141,1,3477071004145,3477317792683,9,1.30633,-115.725,4,8.681e+08,9,1,0,
120,1,3477490916011,3478478057646,11,-5.20946,-122.24,4,8.683e+08,8,1,0,
289,1,3483600710141,3483672648469,7,-5.65697,-122.688,4,8.683e+08,7,1,0,
161,1,3483932466392,3484004403792,7,24.5447,-92.4862,4,8.683e+08,5,1,0,
398,1,3485709907935,3486162521105,10,-1.00652,-118.037,4,8.683e+08,5,1,0,
207,1,3489064073462,3489310861941,9,6.36049,-110.67,4,8.683e+08,5,1,0,
252,1,3488996436459,3489068375888,7,9.69802,-107.333,4,8.683e+08,7,1,0,
69,1,3491823154073,3491895092339,7,22.0443,-94.9866,4,8.681e+08,2,1,0,
255,1,3496070965474,3496142903591,7,16.8248,-100.206,4,8.685e+08,6,1,0,
127,1,3496463429186,3496597065188,8,11.3187,-105.712,4,8.683e+08,7,1,0,
306,1,3497451242920,3497698031446,9,4.32222,-112.709,4,8.683e+08,5,1,0,
353,1,3497843451445,3497977087480,8,0.206657,-116.824,4,8.681e+08,2,1,0,
165,1,3498743037264,3499195650301,10,-2.71319,-119.744,4,8.685e+08,4,1,0,
273,1,3499279299254,3499731912406,10,1.25139,-115.78,4,8.683e+08,10,1,0,
167,1,3501937989998,3502009929446,7,16.9539,-100.077,4,8.683e+08,5,1,0,
333,1,3503681632376,3503928420702,9,-0.876162,-117.907,4,8.685e+08,3,1,0,
259,1,3507535972843,3507782761374,9,9.31589,-107.715,4,8.681e+08,9,1,0,
175,1,3514322067700,3514455703631,8,8.33019,-108.701,4,8.683e+08,7,1,0,
97,1,3514393352601,3514845965460,10,-1.87718,-118.908,4,8.685e+08,4,1,0,
376,1,3516005863685,3516077802942,7,8.49274,-108.538,4,8.685e+08,4,1,0,
110,1,3520760745643,3520832683751,7,22.0027,-95.0282,4,8.683e+08,5,1,0,
332,1,3511805819305,3511877757730,7,21.5259,-95.505,4,8.683e+08,7,1,0,
97,1,3559654152611,3560106765470,10,1.77417,-115.257,4,8.683e+08,5,1,0,
211,1,3524842659082,3524914597314,7,23.9045,-93.1264,4,8.681e+08,2,1,0,
303,1,3525027859452,3525099797433,7,20.1339,-96.897,4,8.681e+08,2,1,0,
159,1,3525794738774,3526247351712,10,5.37508,-111.656,4,8.683e+08,7,1,0,
26,1,3527877524593,3528330137372,10,6.98796,-110.043,4,8.683e+08,8,1,0,
378,1,3534744580070,3535731721403,11,4.13117,-112.9,4,8.681e+08,1,1,0,
218,1,3530536261938,3530608201534,7,11.6554,-105.375,4,8.683e+08,5,1,0,
277,1,3543991148492,3544124784549,8,3.94265,-113.088,4,8.683e+08,7,1,0,
189,1,3536538276980,3536990889947,10,7.81833,-109.213,4,8.683e+08,5,1,0,
36,1,3544703042986,3545155655917,10,4.34886,-112.682,4,8.685e+08,3,1,0,
355,1,3550252700680,3550324638509,7,22.761,-94.2699,4,8.683e+08,8,1,0,
286,1,3553422539449,3553669327825,9,8.29398,-108.737,4,8.683e+08,5,1,0,
257,1,3552543888417,3552790676902,9,6.70647,-110.324,4,8.683e+08,5,1,0,
318,1,3558644327822,3559631469260,11,-3.52506,-120.556,4,8.681e+08,9,1,0,
74,1,3559146875513,3559218814111,7,12.1203,-104.911,4,8.681e+08,9,1,0,
381,1,3559702765200,3559774703799,7,9.75138,-107.28,4,8.681e+08,2,1,0,
352,1,3559773124789,3559845062640,7,3.15986,-113.871,4,8.681e+08,2,1,0,
34,1,3571584503194,3571831291806,9,8.60149,-108.429,4,8.685e+08,6,1,0,
347,1,3560327832066,3560780445195,10,4.44871,-112.582,4,8.683e+08,10,1,0,
351,1,3561972057251,3562218845913,9,10.7189,-106.312,4,8.683e+08,8,1,0,
36,1,3589963842996,3590416455927,10,-1.84399,-118.875,4,8.685e+08,4,1,0,
48,1,3571709635291,3571781574620,7,16.029,-101.002,4,8.685e+08,6,1,0,
144,1,3572451753896,3572523691764,7,12.231,-104.8,4,8.683e+08,5,1,0,
108,1,3573969191734,3574041130584,7,16.7098,-100.321,4,8.683e+08,5,1,0,
51,1,3578028149548,3579015291191,11,-2.7494,-119.78,4,8.685e+08,6,1,0,
317,1,3576907916796,3577360529656,10,-3.00765,-120.039,4,8.685e+08,4,1,0,
355,1,3578003071155,3578075008984,7,12.7127,-104.318,4,8.681e+08,9,1,0,
140,1,3581276891322,3581348830039,7,8.93632,-108.095,4,8.685e+08,4,1,0,
207,1,3582304251668,3582551040147,9,6.38745,-110.643,4,8.685e+08,6,1,0,
34,1,3596262903204,3596509691816,9,3.42022,-113.611,4,8.683e+08,7,1,0,
394,1,3583247114463,3583699727258,10,-0.97019,-118.001,4,8.683e+08,7,1,0,
386,1,3583453850001,3583906463107,10,-3.99458,-121.025,4,8.685e+08,3,1,0,
171,1,3588329806129,3588401743153,7,39.422,-77.6089,4,8.681e+08,9,1,0,
137,1,3593164402567,3594151543986,11,-1.27722,-118.308,4,8.685e+08,6,1,0,
263,1,3588449077653,3589436218967,11,3.33397,-113.697,4,8.681e+08,9,1,0,
299,1,3590983489320,3591055428525,7,15.9116,-101.119,4,8.683e+08,5,1,0,
158,1,3591345061305,3591591849447,9,3.61988,-113.411,4,8.685e+08,6,1,0,
401,1,3593745213498,3593878849221,8,8.73524,-108.296,4,8.685e+08,6,1,0,
53,1,3596237090912,3597224232417,11,4.70329,-112.328,4,8.685e+08,3,1,0,
senderId,receiverID, sendTime, receivedTime,SF,SNR,Ftype, Freq  ,RX
